"true","restored","edge_type"
"[""10.1002/cbdv.200800342"", ""Casearin X Dialdehyde; (2R*,4aS*,5S*,7R*,8R*,8aS*)-4,4a-Diformyl-1,2,4a,5,6,7,8,8a-octahydro-5-hydroxy-7,8-dimethyl-8-[(2Z)-3-methylpenta-2,4-dien-1-yl]naphthalen-2-yl Butanoate""]","[""10.1002/cbdv.200800342"", [""\""Casearin T\"""", ""\""Casearin S\"""", ""\""Casearin X; (1R*,3S*,5S*,6aR*,7S*,8S*,10R*,10aR*)-1-(Acetyloxy)-3,5,6,6a,7,8,9,10-octahydro-10-hydroxy-7,8-dimethyl-7-[(2Z)-3-methylpenta-2,4-dien-1-yl]naphtho[1,8a-c]furan-3,5-diyl Dibutanoate\"""", ""\""Casearin X Dialdehyde; (2R*,4aS*,5S*,7R*,8R*,8aS*)-4,4a-Diformyl-1,2,4a,5,6,7,8,8a-octahydro-5-hydroxy-7,8-dimethyl-8-[(2Z)-3-methylpenta-2,4-dien-1-yl]naphthalen-2-yl Butanoate\"""", ""\""Casearin O; (1R*,3S*,5S*,6aR*,7R*,8R*,9S*,10S*,10aR*)-1,10-Bis(acetyloxy)-5-methoxy-7,8-dimethyl-7-[(2Z)-3-methylpenta-2,4-dien-1-yl]-3,5,6,6a,7,8,9,10-octahydronaphtho[1,8a-c]furan-3,9-diyl Dibutanoate\"""", ""\""Casearupestrin C\"""", ""\""Casearin L; (1R*,3S*,5S*,6aR*,7R*,8R*,9S*,10S*,10aR*)-1,10-Bis(acetyloxy)-3,5,6,6a,7,8,9,10-octahydro-9-hydroxy-5-methoxy-7,8-dimethyl-7-[(2Z)-3-methylpenta-2,4-dien-1-yl]naphtho[1,8a-c]-furan-3-yl Butanoate\"""", ""\""Casearin D; (1R*,3S*,5S*,6aR*,7R*,8R*,9S*,10S*,10aR*)-1-(Acetyloxy)-3,5,6,6a,7,8,9,10-octahydro-5,10-dihydroxy-7,8-dimethyl-7-[(2Z)-3-methylpenta-2,4-dien-1-yl]naphtho[1,8a-c]furan-3,9-diyl Dibutanoate\"""", ""\""Casearupestrin B\"""", ""\""Casearupestrin A\"""", ""\""Casearupestrin D\"""", ""\""Caseobliquin A\"""", ""\""Xanthyletin\"""", ""\""carlinoside\"""", ""\""Teucrein\"""", ""\""fraxinellone\"""", ""\""Cabraleadiol\"""", ""\""Citibrasine\"""", ""\""Epi-guaiacin\"""", ""\""fraxinellonone\"""", ""\""Salacin\"""", ""\""2,7-Di-O-acetylcasearupestrin A\"""", ""\""2,6-di-O-acetylcasearupestrin D\"""", ""\""Ricinine\"""", ""\""Citrusinine-II\"""", ""\""Muraxanthone\"""", ""\""Ixoside\"""", ""\""Pyranofoline\"""", ""\""germacrene D\"""", ""\""acacetin\"""", ""\""Citrusinine-I\"""", ""\""Farnisine\"""", ""\""Canavaline\"""", ""\""Ourateacatechin\"""", ""\""Plumericin\"""", ""\""Quercetin\"""", ""\""Cognatine\"""", ""\""Picramnioside F\"""", ""\""Cytochalasin D\"""", ""\""Tagitinin C\"""", ""\""Cordifoline\"""", ""\""citrusinine-I\"""", ""\""Proanthocyanidin\"""", ""\""Glycocitrine-IV\"""", ""\""(+)-Erythravine\"""", ""\""Chrysoeriol\"""", ""\""Nilocetin\"""", ""\""\u03b1-Gardiol\"""", ""\""Mayoside C\"""", ""\""Procyanidin B-3\""""]]","doi_name"
"[""10.1002/cbdv.200800342"", ""Casearin D; (1R*,3S*,5S*,6aR*,7R*,8R*,9S*,10S*,10aR*)-1-(Acetyloxy)-3,5,6,6a,7,8,9,10-octahydro-5,10-dihydroxy-7,8-dimethyl-7-[(2Z)-3-methylpenta-2,4-dien-1-yl]naphtho[1,8a-c]furan-3,9-diyl Dibutanoate""]","[""10.1002/cbdv.200800342"", [""\""Casearin T\"""", ""\""Casearin S\"""", ""\""Casearin X; (1R*,3S*,5S*,6aR*,7S*,8S*,10R*,10aR*)-1-(Acetyloxy)-3,5,6,6a,7,8,9,10-octahydro-10-hydroxy-7,8-dimethyl-7-[(2Z)-3-methylpenta-2,4-dien-1-yl]naphtho[1,8a-c]furan-3,5-diyl Dibutanoate\"""", ""\""Casearin X Dialdehyde; (2R*,4aS*,5S*,7R*,8R*,8aS*)-4,4a-Diformyl-1,2,4a,5,6,7,8,8a-octahydro-5-hydroxy-7,8-dimethyl-8-[(2Z)-3-methylpenta-2,4-dien-1-yl]naphthalen-2-yl Butanoate\"""", ""\""Casearin O; (1R*,3S*,5S*,6aR*,7R*,8R*,9S*,10S*,10aR*)-1,10-Bis(acetyloxy)-5-methoxy-7,8-dimethyl-7-[(2Z)-3-methylpenta-2,4-dien-1-yl]-3,5,6,6a,7,8,9,10-octahydronaphtho[1,8a-c]furan-3,9-diyl Dibutanoate\"""", ""\""Casearupestrin C\"""", ""\""Casearin L; (1R*,3S*,5S*,6aR*,7R*,8R*,9S*,10S*,10aR*)-1,10-Bis(acetyloxy)-3,5,6,6a,7,8,9,10-octahydro-9-hydroxy-5-methoxy-7,8-dimethyl-7-[(2Z)-3-methylpenta-2,4-dien-1-yl]naphtho[1,8a-c]-furan-3-yl Butanoate\"""", ""\""Casearin D; (1R*,3S*,5S*,6aR*,7R*,8R*,9S*,10S*,10aR*)-1-(Acetyloxy)-3,5,6,6a,7,8,9,10-octahydro-5,10-dihydroxy-7,8-dimethyl-7-[(2Z)-3-methylpenta-2,4-dien-1-yl]naphtho[1,8a-c]furan-3,9-diyl Dibutanoate\"""", ""\""Casearupestrin B\"""", ""\""Casearupestrin A\"""", ""\""Casearupestrin D\"""", ""\""Caseobliquin A\"""", ""\""Xanthyletin\"""", ""\""carlinoside\"""", ""\""Teucrein\"""", ""\""fraxinellone\"""", ""\""Cabraleadiol\"""", ""\""Citibrasine\"""", ""\""Epi-guaiacin\"""", ""\""fraxinellonone\"""", ""\""Salacin\"""", ""\""2,7-Di-O-acetylcasearupestrin A\"""", ""\""2,6-di-O-acetylcasearupestrin D\"""", ""\""Ricinine\"""", ""\""Citrusinine-II\"""", ""\""Muraxanthone\"""", ""\""Ixoside\"""", ""\""Pyranofoline\"""", ""\""germacrene D\"""", ""\""acacetin\"""", ""\""Citrusinine-I\"""", ""\""Farnisine\"""", ""\""Canavaline\"""", ""\""Ourateacatechin\"""", ""\""Plumericin\"""", ""\""Quercetin\"""", ""\""Cognatine\"""", ""\""Picramnioside F\"""", ""\""Cytochalasin D\"""", ""\""Tagitinin C\"""", ""\""Cordifoline\"""", ""\""citrusinine-I\"""", ""\""Proanthocyanidin\"""", ""\""Glycocitrine-IV\"""", ""\""(+)-Erythravine\"""", ""\""Chrysoeriol\"""", ""\""Nilocetin\"""", ""\""\u03b1-Gardiol\"""", ""\""Mayoside C\"""", ""\""Procyanidin B-3\""""]]","doi_name"
"[""10.1002/hlca.200890147"", ""3\u03b2-O-[\u03b1-L-rhamnopyranosyl-(1\u21922)-O-\u03b2-D-glucopyranosyl-(1\u21922)-O-\u03b2-D-glucopyranosyl]-28-O-\u03b2-D-glucopyranoside pomolate""]","[""10.1002/hlca.200890147"", [""\""3\u03b2-O-[\u03b1-L-rhamnopyranosyl-(1\u21922)-O-\u03b2-D-glucopyranosyl-(1\u21922)-O-\u03b2-D-glucopyranosyl]-28-O-\u03b2-D-glucopyranoside pomolate\"""", ""\""3-O-\u03b2-D-(6\u2019-methyl)-glucopyranosyl-28-O-\u03b2-D-glucopyranosyl-oleanate\"""", ""\""Kaempferol-3-O-\u03b1-L-rhamnopyranosyl-(1-6)-\u03b1-L-rhamnopyranosyl-(1-4)-\u03b2-D-glucopyranoside\"""", ""\""Kaempferol 3-O-\u03b1-L-rhamnopyranosyl (1\u21926)-O-[\u03b2 -D-glucopyranosyl (1\u21923)-O-\u03b1-L-rhamnopyranosyl-(1\u21922)]-O-\u03b2 -D-glucopyranosyl\"""", ""\""Quercetin 3-O-\u03b1-L-rhamnopyranosyl (1\u21926)-O-[\u03b2 -D-glucopyranosyl (1\u21923)-O-\u03b1-L-rhamnopyranosyl-(1\u21922)]-O-\u03b2 -D-glucopyranosyl\"""", ""\""Kaempferol-3-O-\u03b1-L-rhamnopyranosyl-(1\u21926)-\u03b2-D-galactopyranoside\"""", ""\""3,4,5-trimethoxyphenyl 1-O-\u03b2-D-apiofuranosyl-(1\u21926)-O-\u03b2-D-glucopyranoside\"""", ""\""3,4,5-Trimethoxyphenyl-1-O-\u03b2-D-(5-O-syringoyl)-apiofuranosyl-(1\u21926)-\u03b2-D-glucopyranoside\"""", ""\""Quercetin-3-O-\u03b1-L-rhamnopyranosyl-(1\u21926)-\u03b2-D-galactopyranoside\"""", ""\""28-O-\u03b2-D-glucopyranosyl quinovic acid\"""", ""\""\u03b1-L-xylopyranosyl-(4\""\u219220)-(3-O-\u03b2-D-glucopyranosyl)-1'-O-E-caffeoyl-\u03b2-D-glucopyranoside\"""", ""\""Kaempferol-3-O-D-glucopyranoside\"""", ""\""2-(2'-O-transcoumaroyl)-C-\u03b2-D-glucopyranosyl-1,3,6,7-tetrahydroxyxanthone\"""", ""\""1-O-(E)-caffeoyl-\u03b2-D-glucopyranoside\"""", ""\""6'-Acetyl-\u03b2-D-glucopyranosyldiderroside\"""", ""\""2-(2'-O-trans-cinnamoyl)-C-\u03b2-D-glucopyranosyl-1,3,6,7-tetrahydroxyxanthone\"""", ""\""2-(2'-O-trans-caffeoyl)-C-\u03b2-D-glucopyranosyl-1,3,6,7-tetrahydroxyxanthone\"""", ""\""Kaempferol-3-O-D-galactopyranoside\"""", ""\""2-(2'-O-benzoyl)-C-\u03b2-D-glucopyranosyl-1,3,6,7-tetrahydroxyxanthone\"""", ""\""1-O-(E)-feruloyl-\u03b2-D-glucopyranoside\"""", ""\""Pterogynoside; Kaempferol-3-O-(3''-O-4'''-methylgallate-\u03b1-L-rhamnoside)\"""", ""\""1,6-di-O-caffeoyl-\u03b2-D-glucopyranoside\"""", ""\""3-O-\u03b2-D-quinovopyranosyl cincholic acid\"""", ""\""Kaempferol-3-O-rutinoside\"""", ""\""Quercitrin, 3-O-\u03b1-rhamnosylquercetin\"""", ""\""Nitensoside A; Sorbifolin 6-O-\u03b1-rhamnopyranosyl(1'''\u21926'')-\u03b2-glucopyranoside\"""", ""\""3-O-\u03b2-D-quinovopyranosyl quinovic acid\"""", ""\""2\u03b1,3\u03b1,19\u03b1- trihydroxyurs-12-en-28-oic acid\"""", ""\""3,3-O-dimethylquercetin\"""", ""\""Sinapyl 4-O-\u03b2-D-glucopyranoside aldehyde\"""", ""\""5-[3''-(\u03b2-D-glucopyranosyloxy)propyl]-7-methoxy-2-(3',4'-dimethoxyphenyl)benzofuran\"""", ""\""Isoswertisin-4'-methyl-ether-2''\u03b1-L-rhamnoside\"""", ""\""3-O-methylquercetin\"""", ""\""2\u03b1,3\u03b1-dihydroxyolean-12- en-28-oic acid\"""", ""\""5-[3''-(\u03b2-D-glucopyranosyloxy)propyl]-7-methoxy-2-(3',4'-methylenedioxyphenyl)benzofuran\"""", ""\""Nitensoside B; Pedalitin 6-O-\u03b1-rhamnopyranosyl(1'''\u21926'')-\u03b2-glucopyranoside\"""", ""\""2\u03b1,3\u03b1-Dihydroxy-urs-12-en-28-oic acid\"""", ""\""Sorbifolin 6-O-\u03b2-glucopyranoside\"""", ""\""Sinapyl 4-O-\u03b2-D-glucopyranoside alcohol\"""", ""\""3,7,4-O-trimethylkaempferol\"""", ""\""Oleanolic acid 3-sophoroside\"""", ""\""3,4-dihydro-3,5,8-trihydroxy-6-methoxy-2,2,7-trimethyl-2Hpyrano[ 2,3-a]acridin-12(7H)-one\"""", ""\""3\u03b2-hydroxy-stigmast-5-en-7-one; 24-\u03b2-7-oxositosterol\"""", ""\""2'-hydroxy-3,4,4'-trimethoxy-5',6'-(2'',2''-dimethylpyrano)-chalcone\"""", ""\""Afzelin, 3-O-\u03b1-rhamnosyl kaempferol\"""", ""\""3',4',5',3,5,7,8-heptamethoxyflavone\"""", ""\""2-butyl-D-fructofuranoside\"""", ""\""ellagic acid 4-O-\u03b1-L-rhamnopyranoside; eschweilenol C\"""", ""\""2',5-dihydroxy-3-methoxy-8-dimethylallyl-6, 7-(2' ',2''-dimethylpyrano)-dihydroflavonol\"""", ""\""Quercetin 3-O-sophoroside\""""]]","doi_name"
"[""10.1002/hlca.200890147"", ""6\u03b2-hydroxy-7-epigardoside methyl ester""]","[""10.1002/hlca.200890147"", [""\""3\u03b2-O-[\u03b1-L-rhamnopyranosyl-(1\u21922)-O-\u03b2-D-glucopyranosyl-(1\u21922)-O-\u03b2-D-glucopyranosyl]-28-O-\u03b2-D-glucopyranoside pomolate\"""", ""\""3-O-\u03b2-D-(6\u2019-methyl)-glucopyranosyl-28-O-\u03b2-D-glucopyranosyl-oleanate\"""", ""\""Kaempferol-3-O-\u03b1-L-rhamnopyranosyl-(1-6)-\u03b1-L-rhamnopyranosyl-(1-4)-\u03b2-D-glucopyranoside\"""", ""\""Kaempferol 3-O-\u03b1-L-rhamnopyranosyl (1\u21926)-O-[\u03b2 -D-glucopyranosyl (1\u21923)-O-\u03b1-L-rhamnopyranosyl-(1\u21922)]-O-\u03b2 -D-glucopyranosyl\"""", ""\""Quercetin 3-O-\u03b1-L-rhamnopyranosyl (1\u21926)-O-[\u03b2 -D-glucopyranosyl (1\u21923)-O-\u03b1-L-rhamnopyranosyl-(1\u21922)]-O-\u03b2 -D-glucopyranosyl\"""", ""\""Kaempferol-3-O-\u03b1-L-rhamnopyranosyl-(1\u21926)-\u03b2-D-galactopyranoside\"""", ""\""3,4,5-trimethoxyphenyl 1-O-\u03b2-D-apiofuranosyl-(1\u21926)-O-\u03b2-D-glucopyranoside\"""", ""\""3,4,5-Trimethoxyphenyl-1-O-\u03b2-D-(5-O-syringoyl)-apiofuranosyl-(1\u21926)-\u03b2-D-glucopyranoside\"""", ""\""Quercetin-3-O-\u03b1-L-rhamnopyranosyl-(1\u21926)-\u03b2-D-galactopyranoside\"""", ""\""28-O-\u03b2-D-glucopyranosyl quinovic acid\"""", ""\""\u03b1-L-xylopyranosyl-(4\""\u219220)-(3-O-\u03b2-D-glucopyranosyl)-1'-O-E-caffeoyl-\u03b2-D-glucopyranoside\"""", ""\""Kaempferol-3-O-D-glucopyranoside\"""", ""\""2-(2'-O-transcoumaroyl)-C-\u03b2-D-glucopyranosyl-1,3,6,7-tetrahydroxyxanthone\"""", ""\""1-O-(E)-caffeoyl-\u03b2-D-glucopyranoside\"""", ""\""6'-Acetyl-\u03b2-D-glucopyranosyldiderroside\"""", ""\""2-(2'-O-trans-cinnamoyl)-C-\u03b2-D-glucopyranosyl-1,3,6,7-tetrahydroxyxanthone\"""", ""\""2-(2'-O-trans-caffeoyl)-C-\u03b2-D-glucopyranosyl-1,3,6,7-tetrahydroxyxanthone\"""", ""\""Kaempferol-3-O-D-galactopyranoside\"""", ""\""2-(2'-O-benzoyl)-C-\u03b2-D-glucopyranosyl-1,3,6,7-tetrahydroxyxanthone\"""", ""\""1-O-(E)-feruloyl-\u03b2-D-glucopyranoside\"""", ""\""Pterogynoside; Kaempferol-3-O-(3''-O-4'''-methylgallate-\u03b1-L-rhamnoside)\"""", ""\""1,6-di-O-caffeoyl-\u03b2-D-glucopyranoside\"""", ""\""3-O-\u03b2-D-quinovopyranosyl cincholic acid\"""", ""\""Kaempferol-3-O-rutinoside\"""", ""\""Quercitrin, 3-O-\u03b1-rhamnosylquercetin\"""", ""\""Nitensoside A; Sorbifolin 6-O-\u03b1-rhamnopyranosyl(1'''\u21926'')-\u03b2-glucopyranoside\"""", ""\""3-O-\u03b2-D-quinovopyranosyl quinovic acid\"""", ""\""2\u03b1,3\u03b1,19\u03b1- trihydroxyurs-12-en-28-oic acid\"""", ""\""3,3-O-dimethylquercetin\"""", ""\""Sinapyl 4-O-\u03b2-D-glucopyranoside aldehyde\"""", ""\""5-[3''-(\u03b2-D-glucopyranosyloxy)propyl]-7-methoxy-2-(3',4'-dimethoxyphenyl)benzofuran\"""", ""\""Isoswertisin-4'-methyl-ether-2''\u03b1-L-rhamnoside\"""", ""\""3-O-methylquercetin\"""", ""\""2\u03b1,3\u03b1-dihydroxyolean-12- en-28-oic acid\"""", ""\""5-[3''-(\u03b2-D-glucopyranosyloxy)propyl]-7-methoxy-2-(3',4'-methylenedioxyphenyl)benzofuran\"""", ""\""Nitensoside B; Pedalitin 6-O-\u03b1-rhamnopyranosyl(1'''\u21926'')-\u03b2-glucopyranoside\"""", ""\""2\u03b1,3\u03b1-Dihydroxy-urs-12-en-28-oic acid\"""", ""\""Sorbifolin 6-O-\u03b2-glucopyranoside\"""", ""\""Sinapyl 4-O-\u03b2-D-glucopyranoside alcohol\"""", ""\""3,7,4-O-trimethylkaempferol\"""", ""\""Oleanolic acid 3-sophoroside\"""", ""\""3,4-dihydro-3,5,8-trihydroxy-6-methoxy-2,2,7-trimethyl-2Hpyrano[ 2,3-a]acridin-12(7H)-one\"""", ""\""3\u03b2-hydroxy-stigmast-5-en-7-one; 24-\u03b2-7-oxositosterol\"""", ""\""2'-hydroxy-3,4,4'-trimethoxy-5',6'-(2'',2''-dimethylpyrano)-chalcone\"""", ""\""Afzelin, 3-O-\u03b1-rhamnosyl kaempferol\"""", ""\""3',4',5',3,5,7,8-heptamethoxyflavone\"""", ""\""2-butyl-D-fructofuranoside\"""", ""\""ellagic acid 4-O-\u03b1-L-rhamnopyranoside; eschweilenol C\"""", ""\""2',5-dihydroxy-3-methoxy-8-dimethylallyl-6, 7-(2' ',2''-dimethylpyrano)-dihydroflavonol\"""", ""\""Quercetin 3-O-sophoroside\""""]]","doi_name"
"[""10.1002/hlca.200890147"", ""Ixoside""]","[""10.1002/hlca.200890147"", [""\""3\u03b2-O-[\u03b1-L-rhamnopyranosyl-(1\u21922)-O-\u03b2-D-glucopyranosyl-(1\u21922)-O-\u03b2-D-glucopyranosyl]-28-O-\u03b2-D-glucopyranoside pomolate\"""", ""\""3-O-\u03b2-D-(6\u2019-methyl)-glucopyranosyl-28-O-\u03b2-D-glucopyranosyl-oleanate\"""", ""\""Kaempferol-3-O-\u03b1-L-rhamnopyranosyl-(1-6)-\u03b1-L-rhamnopyranosyl-(1-4)-\u03b2-D-glucopyranoside\"""", ""\""Kaempferol 3-O-\u03b1-L-rhamnopyranosyl (1\u21926)-O-[\u03b2 -D-glucopyranosyl (1\u21923)-O-\u03b1-L-rhamnopyranosyl-(1\u21922)]-O-\u03b2 -D-glucopyranosyl\"""", ""\""Quercetin 3-O-\u03b1-L-rhamnopyranosyl (1\u21926)-O-[\u03b2 -D-glucopyranosyl (1\u21923)-O-\u03b1-L-rhamnopyranosyl-(1\u21922)]-O-\u03b2 -D-glucopyranosyl\"""", ""\""Kaempferol-3-O-\u03b1-L-rhamnopyranosyl-(1\u21926)-\u03b2-D-galactopyranoside\"""", ""\""3,4,5-trimethoxyphenyl 1-O-\u03b2-D-apiofuranosyl-(1\u21926)-O-\u03b2-D-glucopyranoside\"""", ""\""3,4,5-Trimethoxyphenyl-1-O-\u03b2-D-(5-O-syringoyl)-apiofuranosyl-(1\u21926)-\u03b2-D-glucopyranoside\"""", ""\""Quercetin-3-O-\u03b1-L-rhamnopyranosyl-(1\u21926)-\u03b2-D-galactopyranoside\"""", ""\""28-O-\u03b2-D-glucopyranosyl quinovic acid\"""", ""\""\u03b1-L-xylopyranosyl-(4\""\u219220)-(3-O-\u03b2-D-glucopyranosyl)-1'-O-E-caffeoyl-\u03b2-D-glucopyranoside\"""", ""\""Kaempferol-3-O-D-glucopyranoside\"""", ""\""2-(2'-O-transcoumaroyl)-C-\u03b2-D-glucopyranosyl-1,3,6,7-tetrahydroxyxanthone\"""", ""\""1-O-(E)-caffeoyl-\u03b2-D-glucopyranoside\"""", ""\""6'-Acetyl-\u03b2-D-glucopyranosyldiderroside\"""", ""\""2-(2'-O-trans-cinnamoyl)-C-\u03b2-D-glucopyranosyl-1,3,6,7-tetrahydroxyxanthone\"""", ""\""2-(2'-O-trans-caffeoyl)-C-\u03b2-D-glucopyranosyl-1,3,6,7-tetrahydroxyxanthone\"""", ""\""Kaempferol-3-O-D-galactopyranoside\"""", ""\""2-(2'-O-benzoyl)-C-\u03b2-D-glucopyranosyl-1,3,6,7-tetrahydroxyxanthone\"""", ""\""1-O-(E)-feruloyl-\u03b2-D-glucopyranoside\"""", ""\""Pterogynoside; Kaempferol-3-O-(3''-O-4'''-methylgallate-\u03b1-L-rhamnoside)\"""", ""\""1,6-di-O-caffeoyl-\u03b2-D-glucopyranoside\"""", ""\""3-O-\u03b2-D-quinovopyranosyl cincholic acid\"""", ""\""Kaempferol-3-O-rutinoside\"""", ""\""Quercitrin, 3-O-\u03b1-rhamnosylquercetin\"""", ""\""Nitensoside A; Sorbifolin 6-O-\u03b1-rhamnopyranosyl(1'''\u21926'')-\u03b2-glucopyranoside\"""", ""\""3-O-\u03b2-D-quinovopyranosyl quinovic acid\"""", ""\""2\u03b1,3\u03b1,19\u03b1- trihydroxyurs-12-en-28-oic acid\"""", ""\""3,3-O-dimethylquercetin\"""", ""\""Sinapyl 4-O-\u03b2-D-glucopyranoside aldehyde\"""", ""\""5-[3''-(\u03b2-D-glucopyranosyloxy)propyl]-7-methoxy-2-(3',4'-dimethoxyphenyl)benzofuran\"""", ""\""Isoswertisin-4'-methyl-ether-2''\u03b1-L-rhamnoside\"""", ""\""3-O-methylquercetin\"""", ""\""2\u03b1,3\u03b1-dihydroxyolean-12- en-28-oic acid\"""", ""\""5-[3''-(\u03b2-D-glucopyranosyloxy)propyl]-7-methoxy-2-(3',4'-methylenedioxyphenyl)benzofuran\"""", ""\""Nitensoside B; Pedalitin 6-O-\u03b1-rhamnopyranosyl(1'''\u21926'')-\u03b2-glucopyranoside\"""", ""\""2\u03b1,3\u03b1-Dihydroxy-urs-12-en-28-oic acid\"""", ""\""Sorbifolin 6-O-\u03b2-glucopyranoside\"""", ""\""Sinapyl 4-O-\u03b2-D-glucopyranoside alcohol\"""", ""\""3,7,4-O-trimethylkaempferol\"""", ""\""Oleanolic acid 3-sophoroside\"""", ""\""3,4-dihydro-3,5,8-trihydroxy-6-methoxy-2,2,7-trimethyl-2Hpyrano[ 2,3-a]acridin-12(7H)-one\"""", ""\""3\u03b2-hydroxy-stigmast-5-en-7-one; 24-\u03b2-7-oxositosterol\"""", ""\""2'-hydroxy-3,4,4'-trimethoxy-5',6'-(2'',2''-dimethylpyrano)-chalcone\"""", ""\""Afzelin, 3-O-\u03b1-rhamnosyl kaempferol\"""", ""\""3',4',5',3,5,7,8-heptamethoxyflavone\"""", ""\""2-butyl-D-fructofuranoside\"""", ""\""ellagic acid 4-O-\u03b1-L-rhamnopyranoside; eschweilenol C\"""", ""\""2',5-dihydroxy-3-methoxy-8-dimethylallyl-6, 7-(2' ',2''-dimethylpyrano)-dihydroflavonol\"""", ""\""Quercetin 3-O-sophoroside\""""]]","doi_name"
"[""10.1002/hlca.200890147"", ""3,4,5-trimethoxyphenyl 1-O-\u03b2-D-apiofuranosyl-(1\u21926)-O-\u03b2-D-glucopyranoside""]","[""10.1002/hlca.200890147"", [""\""3\u03b2-O-[\u03b1-L-rhamnopyranosyl-(1\u21922)-O-\u03b2-D-glucopyranosyl-(1\u21922)-O-\u03b2-D-glucopyranosyl]-28-O-\u03b2-D-glucopyranoside pomolate\"""", ""\""3-O-\u03b2-D-(6\u2019-methyl)-glucopyranosyl-28-O-\u03b2-D-glucopyranosyl-oleanate\"""", ""\""Kaempferol-3-O-\u03b1-L-rhamnopyranosyl-(1-6)-\u03b1-L-rhamnopyranosyl-(1-4)-\u03b2-D-glucopyranoside\"""", ""\""Kaempferol 3-O-\u03b1-L-rhamnopyranosyl (1\u21926)-O-[\u03b2 -D-glucopyranosyl (1\u21923)-O-\u03b1-L-rhamnopyranosyl-(1\u21922)]-O-\u03b2 -D-glucopyranosyl\"""", ""\""Quercetin 3-O-\u03b1-L-rhamnopyranosyl (1\u21926)-O-[\u03b2 -D-glucopyranosyl (1\u21923)-O-\u03b1-L-rhamnopyranosyl-(1\u21922)]-O-\u03b2 -D-glucopyranosyl\"""", ""\""Kaempferol-3-O-\u03b1-L-rhamnopyranosyl-(1\u21926)-\u03b2-D-galactopyranoside\"""", ""\""3,4,5-trimethoxyphenyl 1-O-\u03b2-D-apiofuranosyl-(1\u21926)-O-\u03b2-D-glucopyranoside\"""", ""\""3,4,5-Trimethoxyphenyl-1-O-\u03b2-D-(5-O-syringoyl)-apiofuranosyl-(1\u21926)-\u03b2-D-glucopyranoside\"""", ""\""Quercetin-3-O-\u03b1-L-rhamnopyranosyl-(1\u21926)-\u03b2-D-galactopyranoside\"""", ""\""28-O-\u03b2-D-glucopyranosyl quinovic acid\"""", ""\""\u03b1-L-xylopyranosyl-(4\""\u219220)-(3-O-\u03b2-D-glucopyranosyl)-1'-O-E-caffeoyl-\u03b2-D-glucopyranoside\"""", ""\""Kaempferol-3-O-D-glucopyranoside\"""", ""\""2-(2'-O-transcoumaroyl)-C-\u03b2-D-glucopyranosyl-1,3,6,7-tetrahydroxyxanthone\"""", ""\""1-O-(E)-caffeoyl-\u03b2-D-glucopyranoside\"""", ""\""6'-Acetyl-\u03b2-D-glucopyranosyldiderroside\"""", ""\""2-(2'-O-trans-cinnamoyl)-C-\u03b2-D-glucopyranosyl-1,3,6,7-tetrahydroxyxanthone\"""", ""\""2-(2'-O-trans-caffeoyl)-C-\u03b2-D-glucopyranosyl-1,3,6,7-tetrahydroxyxanthone\"""", ""\""Kaempferol-3-O-D-galactopyranoside\"""", ""\""2-(2'-O-benzoyl)-C-\u03b2-D-glucopyranosyl-1,3,6,7-tetrahydroxyxanthone\"""", ""\""1-O-(E)-feruloyl-\u03b2-D-glucopyranoside\"""", ""\""Pterogynoside; Kaempferol-3-O-(3''-O-4'''-methylgallate-\u03b1-L-rhamnoside)\"""", ""\""1,6-di-O-caffeoyl-\u03b2-D-glucopyranoside\"""", ""\""3-O-\u03b2-D-quinovopyranosyl cincholic acid\"""", ""\""Kaempferol-3-O-rutinoside\"""", ""\""Quercitrin, 3-O-\u03b1-rhamnosylquercetin\"""", ""\""Nitensoside A; Sorbifolin 6-O-\u03b1-rhamnopyranosyl(1'''\u21926'')-\u03b2-glucopyranoside\"""", ""\""3-O-\u03b2-D-quinovopyranosyl quinovic acid\"""", ""\""2\u03b1,3\u03b1,19\u03b1- trihydroxyurs-12-en-28-oic acid\"""", ""\""3,3-O-dimethylquercetin\"""", ""\""Sinapyl 4-O-\u03b2-D-glucopyranoside aldehyde\"""", ""\""5-[3''-(\u03b2-D-glucopyranosyloxy)propyl]-7-methoxy-2-(3',4'-dimethoxyphenyl)benzofuran\"""", ""\""Isoswertisin-4'-methyl-ether-2''\u03b1-L-rhamnoside\"""", ""\""3-O-methylquercetin\"""", ""\""2\u03b1,3\u03b1-dihydroxyolean-12- en-28-oic acid\"""", ""\""5-[3''-(\u03b2-D-glucopyranosyloxy)propyl]-7-methoxy-2-(3',4'-methylenedioxyphenyl)benzofuran\"""", ""\""Nitensoside B; Pedalitin 6-O-\u03b1-rhamnopyranosyl(1'''\u21926'')-\u03b2-glucopyranoside\"""", ""\""2\u03b1,3\u03b1-Dihydroxy-urs-12-en-28-oic acid\"""", ""\""Sorbifolin 6-O-\u03b2-glucopyranoside\"""", ""\""Sinapyl 4-O-\u03b2-D-glucopyranoside alcohol\"""", ""\""3,7,4-O-trimethylkaempferol\"""", ""\""Oleanolic acid 3-sophoroside\"""", ""\""3,4-dihydro-3,5,8-trihydroxy-6-methoxy-2,2,7-trimethyl-2Hpyrano[ 2,3-a]acridin-12(7H)-one\"""", ""\""3\u03b2-hydroxy-stigmast-5-en-7-one; 24-\u03b2-7-oxositosterol\"""", ""\""2'-hydroxy-3,4,4'-trimethoxy-5',6'-(2'',2''-dimethylpyrano)-chalcone\"""", ""\""Afzelin, 3-O-\u03b1-rhamnosyl kaempferol\"""", ""\""3',4',5',3,5,7,8-heptamethoxyflavone\"""", ""\""2-butyl-D-fructofuranoside\"""", ""\""ellagic acid 4-O-\u03b1-L-rhamnopyranoside; eschweilenol C\"""", ""\""2',5-dihydroxy-3-methoxy-8-dimethylallyl-6, 7-(2' ',2''-dimethylpyrano)-dihydroflavonol\"""", ""\""Quercetin 3-O-sophoroside\""""]]","doi_name"
"[""10.1002/ps.478"", ""astilbin; Rel-(2R, 3R)-dihydroquercetin-3-O-\u00b1-L-rhamnoside""]","[""10.1002/ps.478"", [""\""neoisoastilbin\"""", ""\""astilbin; Rel-(2R, 3R)-dihydroquercetin-3-O-\u00b1-L-rhamnoside\"""", ""\""Piscidinol A\"""", ""\""Aphidicolin\"""", ""\""Piperovatine\"""", ""\""Pyranofoline\"""", ""\""Isopimpinellin\"""", ""\""Sorbifolin\"""", ""\""acacetin\"""", ""\""Amentoflavone\"""", ""\""stachysterone\"""", ""\""Nilocetin\"""", ""\""Piperyline, N-[10-(13,14-methylenedioxyphenyl)-7(E),9(E)-pentadienoyl]-pyrrolidine\"""", ""\""atalaphyllinine\"""", ""\""Hispidol A\"""", ""\""2,7-Di-O-acetylcasearupestrin A\"""", ""\""Afzelin, 3-O-\u03b1-rhamnosyl kaempferol\"""", ""\""Caseobliquin A\"""", ""\""amorphispironone\"""", ""\""shidasterone\"""", ""\""2-(1'-pentenyl)-Quinoline\"""", ""\""\u03b2-Sitosterol benzoate\"""", ""\""Citibrasine\"""", ""\""Farnisine\"""", ""\""Taraxerol acetate\"""", ""\""Diderroside\"""", ""\""5-hydroxynoracronycine; Atalaphyllidine\"""", ""\""Xanthyletin\"""", ""\""Anhydrofusarubin\"""", ""\""Piperol B\"""", ""\""Proanthocyanidin\"""", ""\""Leptophyllin A\"""", ""\""2-(R)-Methyl-6-(S)-(tetradecyl-13'-one)-3(R)-O-tert-butyldimethylsilyl-piperidine\"""", ""\""Isosakuranetin; 5,7-dihydroxy-4'-methoxyflavanone\"""", ""\""Dibenzyl sulphide\"""", ""\""Nitensidine A\"""", ""\""Ourateacatechin\"""", ""\""Procyanidin B-3\"""", ""\""Quercetin\"""", ""\""2-n-Pentylquinoline\"""", ""\""Platydesmine\"""", ""\""Tetrahydropiperyline, N-[10-(13,14-methylenedioxyphenyl)-pentanoyl]-pyrrolidine\"""", ""\""8,9-dihydropiplartine; N-(12,13,14-trimethoxydihydrocinnamoyl)-\u03943-pyridin-2-one\"""", ""\""2-n-Propylquinoline\"""", ""\""Ixoside\"""", ""\""(-)-Spectalinine\"""", ""\""Dibenzyl tetrasulphide\"""", ""\""Isobutyl gallate\"""", ""\""Piperine\"""", ""\""4-Nerolidilcatechol\""""]]","doi_name"
"[""10.1016/0031-9422(90)80024-B"", ""2-n-Propylquinoline""]","[""10.1016/0031-9422(90)80024-B"", [""\""2-n-Pentylquinoline\"""", ""\""2-(1'-pentenyl)-Quinoline\"""", ""\""2-n-Propylquinoline\"""", ""\""2-(3',4'-methylenedioxyphenylethyl)-Quinoline\"""", ""\""2-n-nonyl-4-quinolone\"""", ""\""1-methyl-2-n-nonyl-4-quinolone\"""", ""\""N-[7-(3',4'-methylenedioxyphenyl)-2(Z),4(Z)-heptadienoyl]pyrrolidine\"""", ""\""2-phenyl-4H-chromen-4-one\"""", ""\""2-(R)-Methyl-6-(S)-(tetradecyl-13'-one)-3(R)-O-tert-butyldimethylsilyl-piperidine\"""", ""\""2,4-Dihydroxy-6-[(1'E,3'E)-penta-1', 3'-dienyl]-benzaldehyde\"""", ""\""N-[3-(6'-methoxy-3',4'-methy-lenedioxyphenyl)-2(Z)-propenoyl]pyrrolidine\"""", ""\""(2'S)-2-(propan-2'-ol)-5-hydroxy-benzopyran-4-one\"""", ""\""(2S)-Methyl-8-isopentyl-2-methyl-2-(4'-methylpentyl)chroman-6-carboxylate\"""", ""\""Piperyline, N-[10-(13,14-methylenedioxyphenyl)-7(E),9(E)-pentadienoyl]-pyrrolidine\"""", ""\""N-[10- (13,14-methylenedioxyphenyl)-7(E)-pentaenoyl]-pyrrolidine\"""", ""\""N-[10-(13,14-methylenedioxyphenyl)-7(E),9(Z)-pentadienoyl]-pyrrolidine\"""", ""\""2-methyl-5-pentadecylresorcinol\"""", ""\""2-Methyl-5-methoxy-benzopyran-4-one\"""", ""\""(2S)-Methyl-2-methyl-8-(3\""-methylbut-2\""-enyl)-2-(4'-methylpent-3'-enyl)-2H-chromene-6-carboxylate\"""", ""\""2-methyl-5-[8(Z),11(Z)-pentadecadienyl]resorcinol\"""", ""\""2-methyl-5-[8(Z)-pentadecenyl]resorcinol\"""", ""\""(3-(2-(4-hydroxyphenyl)-2-oxoethyl)-5,6-dihydropyridin- 2(1H)-one)\"""", ""\""2-methyl-5-[8(Z),11(Z),14-pentadecatrienyl]resorcinol\"""", ""\""1- (5,7-dihydroxy-2,2-dimethylchroman-6-yl)-3-(2,2-dimethylchroman- 6-yl)propan-1-one\"""", ""\""Tetrahydropiperyline, N-[10-(13,14-methylenedioxyphenyl)-pentanoyl]-pyrrolidine\"""", ""\""(2S)-8-Isopentyl-2-methyl-2-(4'-methylpentyl)chroman-6-carboxylic acid\"""", ""\""5,7-dimethoxy-2,2-dimethyl-2H-1-benzopyran-6-propanoate\"""", ""\""1-[3-(3,7-dimethylocta-2,6-dien-1-yl)-2,4,6- trihydroxyphenyl]-3-(4-hydroxyphenyl)propan-1-one\"""", ""\""1-(5,7-dihydroxy-2,2-dimethylchroman- 6-yl)-3-[4-hydroxy-3-(3-methylbut-2-en-1-yl)- phenyl]propan-1-one\"""", ""\""n-Pentyl gallate\"""", ""\""1-(5,7-dihydroxy-2,2-dimethylchroman-6-yl)-3-(1,1,4a-trimethyl-2,3,4,4a,9a-hexahydro-1H-xanthen-7-yl)propan-1-one\"""", ""\""Cusculine; 1,2,3,5,6-pentamethoxy-9-acridone\"""", ""\""(2S)-2-methyl-8-(3\""-methylbut-2\""-enyl)-2-(4'-methylpent-3'-enyl)-2H-chromene-6-carboxylic acid\"""", ""\""5-(3'' -Hydroxypropyl)-7-methoxy-2-(3',4' -methyl-enedioxyphenyl)benzofuran\"""", ""\""N-1,N-2,N-3-Triisopentenylguanidine\"""", ""\""Juruenolic acid; 2-(4'-Methylpentenyl-3)-10-oxoundecan-2,6-dienoic acid\"""", ""\""2-oxo-piperol B; (7S*, 8R*, 1R*, 3R*)-3,4,5-trimethoxy-3,7-cyclo-8,1-neolig-8-ene-2,4(3H)-dione\"""", ""\""1,4-Dihydroxy-2-(3',7'-dimethyl-1'-oxo-2'-E-6'-octadienyl)benzene\"""", ""\""8,9-dihydropiplartine; N-(12,13,14-trimethoxydihydrocinnamoyl)-\u03943-pyridin-2-one\"""", ""\""5,7-dimethoxy-2,2-dimethyl-2H-1-benzopyran-6-propanoic acid\"""", ""\""Methyl 2,2-dimethyl-1-oxo-2H-1-benzopyran-6-carboxylate\"""", ""\""Methyl-2,2-dimethyl-8-(3'-methylbut-2'-enyl)chroman-6-carboxylate\"""", ""\""2-Hexyl-3-methyl-butanodioic acid\"""", ""\""(3Z,5Z)-N-isobutyl-8-(30,40-methylenedioxy-phenyl)-heptadienamide\"""", ""\""5-[3''-(\u03b2-D-glucopyranosyloxy)propyl]-7-methoxy-2-(3',4'-dimethoxyphenyl)benzofuran\"""", ""\""2,2-dimethyl-2H-chromene-6-carboxylic acid\"""", ""\""Luteolin; 2-(3,4-dihydroxyphenyl)-5,7-dihydroxy-4H-chromen-4-one\"""", ""\""5-[8(Z),11(Z)-pentadecadienyl]resorcinol\"""", ""\""5-[3''-(\u03b2-D-glucopyranosyloxy)propyl]-7-methoxy-2-(3',4'-methylenedioxyphenyl)benzofuran\"""", ""\""3,4-dihydro-3,5,8-trihydroxy-6-methoxy-2,2,7-trimethyl-2Hpyrano[ 2,3-a]acridin-12(7H)-one\""""]]","doi_name"
"[""10.1016/0031-9422(90)80024-B"", ""2-(3',4'-methylenedioxyphenylethyl)-Quinoline""]","[""10.1016/0031-9422(90)80024-B"", [""\""2-n-Pentylquinoline\"""", ""\""2-(1'-pentenyl)-Quinoline\"""", ""\""2-n-Propylquinoline\"""", ""\""2-(3',4'-methylenedioxyphenylethyl)-Quinoline\"""", ""\""2-n-nonyl-4-quinolone\"""", ""\""1-methyl-2-n-nonyl-4-quinolone\"""", ""\""N-[7-(3',4'-methylenedioxyphenyl)-2(Z),4(Z)-heptadienoyl]pyrrolidine\"""", ""\""2-phenyl-4H-chromen-4-one\"""", ""\""2-(R)-Methyl-6-(S)-(tetradecyl-13'-one)-3(R)-O-tert-butyldimethylsilyl-piperidine\"""", ""\""2,4-Dihydroxy-6-[(1'E,3'E)-penta-1', 3'-dienyl]-benzaldehyde\"""", ""\""N-[3-(6'-methoxy-3',4'-methy-lenedioxyphenyl)-2(Z)-propenoyl]pyrrolidine\"""", ""\""(2'S)-2-(propan-2'-ol)-5-hydroxy-benzopyran-4-one\"""", ""\""(2S)-Methyl-8-isopentyl-2-methyl-2-(4'-methylpentyl)chroman-6-carboxylate\"""", ""\""Piperyline, N-[10-(13,14-methylenedioxyphenyl)-7(E),9(E)-pentadienoyl]-pyrrolidine\"""", ""\""N-[10- (13,14-methylenedioxyphenyl)-7(E)-pentaenoyl]-pyrrolidine\"""", ""\""N-[10-(13,14-methylenedioxyphenyl)-7(E),9(Z)-pentadienoyl]-pyrrolidine\"""", ""\""2-methyl-5-pentadecylresorcinol\"""", ""\""2-Methyl-5-methoxy-benzopyran-4-one\"""", ""\""(2S)-Methyl-2-methyl-8-(3\""-methylbut-2\""-enyl)-2-(4'-methylpent-3'-enyl)-2H-chromene-6-carboxylate\"""", ""\""2-methyl-5-[8(Z),11(Z)-pentadecadienyl]resorcinol\"""", ""\""2-methyl-5-[8(Z)-pentadecenyl]resorcinol\"""", ""\""(3-(2-(4-hydroxyphenyl)-2-oxoethyl)-5,6-dihydropyridin- 2(1H)-one)\"""", ""\""2-methyl-5-[8(Z),11(Z),14-pentadecatrienyl]resorcinol\"""", ""\""1- (5,7-dihydroxy-2,2-dimethylchroman-6-yl)-3-(2,2-dimethylchroman- 6-yl)propan-1-one\"""", ""\""Tetrahydropiperyline, N-[10-(13,14-methylenedioxyphenyl)-pentanoyl]-pyrrolidine\"""", ""\""(2S)-8-Isopentyl-2-methyl-2-(4'-methylpentyl)chroman-6-carboxylic acid\"""", ""\""5,7-dimethoxy-2,2-dimethyl-2H-1-benzopyran-6-propanoate\"""", ""\""1-[3-(3,7-dimethylocta-2,6-dien-1-yl)-2,4,6- trihydroxyphenyl]-3-(4-hydroxyphenyl)propan-1-one\"""", ""\""1-(5,7-dihydroxy-2,2-dimethylchroman- 6-yl)-3-[4-hydroxy-3-(3-methylbut-2-en-1-yl)- phenyl]propan-1-one\"""", ""\""n-Pentyl gallate\"""", ""\""1-(5,7-dihydroxy-2,2-dimethylchroman-6-yl)-3-(1,1,4a-trimethyl-2,3,4,4a,9a-hexahydro-1H-xanthen-7-yl)propan-1-one\"""", ""\""Cusculine; 1,2,3,5,6-pentamethoxy-9-acridone\"""", ""\""(2S)-2-methyl-8-(3\""-methylbut-2\""-enyl)-2-(4'-methylpent-3'-enyl)-2H-chromene-6-carboxylic acid\"""", ""\""5-(3'' -Hydroxypropyl)-7-methoxy-2-(3',4' -methyl-enedioxyphenyl)benzofuran\"""", ""\""N-1,N-2,N-3-Triisopentenylguanidine\"""", ""\""Juruenolic acid; 2-(4'-Methylpentenyl-3)-10-oxoundecan-2,6-dienoic acid\"""", ""\""2-oxo-piperol B; (7S*, 8R*, 1R*, 3R*)-3,4,5-trimethoxy-3,7-cyclo-8,1-neolig-8-ene-2,4(3H)-dione\"""", ""\""1,4-Dihydroxy-2-(3',7'-dimethyl-1'-oxo-2'-E-6'-octadienyl)benzene\"""", ""\""8,9-dihydropiplartine; N-(12,13,14-trimethoxydihydrocinnamoyl)-\u03943-pyridin-2-one\"""", ""\""5,7-dimethoxy-2,2-dimethyl-2H-1-benzopyran-6-propanoic acid\"""", ""\""Methyl 2,2-dimethyl-1-oxo-2H-1-benzopyran-6-carboxylate\"""", ""\""Methyl-2,2-dimethyl-8-(3'-methylbut-2'-enyl)chroman-6-carboxylate\"""", ""\""2-Hexyl-3-methyl-butanodioic acid\"""", ""\""(3Z,5Z)-N-isobutyl-8-(30,40-methylenedioxy-phenyl)-heptadienamide\"""", ""\""5-[3''-(\u03b2-D-glucopyranosyloxy)propyl]-7-methoxy-2-(3',4'-dimethoxyphenyl)benzofuran\"""", ""\""2,2-dimethyl-2H-chromene-6-carboxylic acid\"""", ""\""Luteolin; 2-(3,4-dihydroxyphenyl)-5,7-dihydroxy-4H-chromen-4-one\"""", ""\""5-[8(Z),11(Z)-pentadecadienyl]resorcinol\"""", ""\""5-[3''-(\u03b2-D-glucopyranosyloxy)propyl]-7-methoxy-2-(3',4'-methylenedioxyphenyl)benzofuran\"""", ""\""3,4-dihydro-3,5,8-trihydroxy-6-methoxy-2,2,7-trimethyl-2Hpyrano[ 2,3-a]acridin-12(7H)-one\""""]]","doi_name"
"[""10.1016/0031-9422(91)85077-D"", ""2-Methyl-4-hydroxy-butyl caffeoate""]","[""10.1016/0031-9422(91)85077-D"", [""\""2-Methyl-4-hydroxy-butyl caffeoate\"""", ""\""2-hydroxyphenylacetic acid\"""", ""\""1-O-(E)-caffeoyl-\u03b2-D-glucopyranoside\"""", ""\""Catechin, Ent-catechin\"""", ""\""2-phenyl-4H-chromen-4-one\"""", ""\""2-(3',4'-methylenedioxyphenylethyl)-Quinoline\"""", ""\""2-(2'-O-trans-caffeoyl)-C-\u03b2-D-glucopyranosyl-1,3,6,7-tetrahydroxyxanthone\"""", ""\""1,6-di-O-caffeoyl-\u03b2-D-glucopyranoside\"""", ""\""Ethyl 2,4-dihydroxy-5,6-dimethylbenzoate\"""", ""\""2\u03b2-Hydroxyzuelanin-6\u03b2-cinnamate\"""", ""\""2-n-Pentylquinoline\"""", ""\""(-)-Epigallocatechin\"""", ""\""2-methyl-5-pentadecylresorcinol\"""", ""\""2',6'-Dihydroxy-4'-methoxydihydrochalcone\"""", ""\""2-(1'-pentenyl)-Quinoline\"""", ""\""(-)-Epigallocatechin-3-O-gallate\"""", ""\""3,4,5-Trimethoxyphenyl-1-O-\u03b2-D-(5-O-syringoyl)-apiofuranosyl-(1\u21926)-\u03b2-D-glucopyranoside\"""", ""\""2-methyl-5-[8(Z)-pentadecenyl]resorcinol\"""", ""\""\u03b1-L-xylopyranosyl-(4\""\u219220)-(3-O-\u03b2-D-glucopyranosyl)-1'-O-E-caffeoyl-\u03b2-D-glucopyranoside\"""", ""\""2-n-Propylquinoline\"""", ""\""1-[3-(3,7-dimethylocta-2,6-dien-1-yl)-2,4,6- trihydroxyphenyl]-3-(4-hydroxyphenyl)propan-1-one\"""", ""\""2-Methyl-5-methoxy-benzopyran-4-one\"""", ""\""2,4,6-trimethoxybenzoic acid\"""", ""\""21\u00b4-(3,4-Methylenedioxyphenyl)-henicosanoic acid\"""", ""\""2-methyl-5-[8(Z),11(Z),14-pentadecatrienyl]resorcinol\"""", ""\""Chlorogenic acid methyl ester, Methyl (1S,3R,4R,5R)-3-{[(2E)-3-(3,4-dihydroxyphenyl)-2-propenoyl]oxy}-1,4,5-trihydroxycyclohexanecarboxylate\"""", ""\""2-methyl-5-[8(Z),11(Z)-pentadecadienyl]resorcinol\"""", ""\""2',5-dihydroxy-3-methoxy-8-dimethylallyl-6, 7-(2' ',2''-dimethylpyrano)-dihydroflavonol\"""", ""\""3',4'-methylenedioxy-5,5',6,7-tetramethoxyflavone\"""", ""\""N-[10- (13,14-methylenedioxyphenyl)-7(E)-pentaenoyl]-pyrrolidine\"""", ""\""Methyl-8-(ethanoyloxy)-2,2-dimethyl-2H-chromene-6-carboxylate\"""", ""\""3,4,5-trimethoxyphenyl 1-O-\u03b2-D-apiofuranosyl-(1\u21926)-O-\u03b2-D-glucopyranoside\"""", ""\""2,7-Di-O-acetylcasearupestrin A\"""", ""\""17-(3,4-Methylenedioxyphenyl)-heptadecanoic acid\"""", ""\""(2S)-Methyl-8-isopentyl-2-methyl-2-(4'-methylpentyl)chroman-6-carboxylate\"""", ""\""Methyl 6,7,8-trimethoxydihydrocinnamate\"""", ""\""4-Methoxy-3-(3',7'-dimethylocta-2'-E-6'-dienyl)benzoic acid\"""", ""\""5-(3'' -Hydroxypropyl)-7-methoxy-2-(3',4' -methyl-enedioxyphenyl)benzofuran\"""", ""\""Methyl-2,2-dimethylchroman-6-carboxylate\"""", ""\""3',4'-methylenedioxy-5,7-dimethoxyflavone\"""", ""\""4-Hydroxy-3-(3',7'-dimethylocta-2'-E-6'-dienyl)benzoic acid\"""", ""\""3',4'-methylenedioxy-5,6,7- trimethoxyflavone\"""", ""\""2-butyl-D-fructofuranoside\"""", ""\""p-hydroxybenzoic acid-geranyl ester\"""", ""\""Methyl (E)-6,7,8-trimethoxycinnamate\"""", ""\""3,4,5-Trimethoxydihydrocinnamic acid\"""", ""\""N-[3-(6'-methoxy-3',4'-methy-lenedioxyphenyl)-2(Z)-propenoyl]pyrrolidine\"""", ""\""Methyl-2,2-dimethyl-8-(3'-methylbut-2'-enyl)chroman-6-carboxylate\"""", ""\""2-Hexyl-3-methyl-butanodioic acid\"""", ""\""8-hydroxy-6-methoxy-3-methylisocoumarin\""""]]","doi_name"
"[""10.1016/0040-4020(95)00254-6"", ""Canavaline""]","[""10.1016/0040-4020(95)00254-6"", [""\""Leptophyllin A\"""", ""\""Leiokinine A\"""", ""\""atalaphyllinine\"""", ""\""Podocarpusflavone A\"""", ""\""Leptomerine\"""", ""\""Piscidinol A\"""", ""\""Xanthyletin\"""", ""\""Mycoleptone A\"""", ""\""4-Hydroxymellein\"""", ""\""Aphidicolin\"""", ""\""Isopimpinellin\"""", ""\""Caseobliquin A\"""", ""\""Proanthocyanidin\"""", ""\""urauchimycin A\"""", ""\""3-Acetyl aleuritolic acid\"""", ""\""Heveaflavone\"""", ""\""Procyanidin B-3\"""", ""\""Hispidol A\"""", ""\""Sorbifolin\"""", ""\""4,5-dihydropiperlonguminine; Piperlonguminine\"""", ""\""(R)-7-Hydroxymellein\"""", ""\""Kaempferol\"""", ""\""N-acetylnonaine\"""", ""\""Mycoleptone A tetraacetate\"""", ""\""Apodanthoside\"""", ""\""Luteolin; 2-(3,4-dihydroxyphenyl)-5,7-dihydroxy-4H-chromen-4-one\"""", ""\""Afzelin, 3-O-\u03b1-rhamnosyl kaempferol\"""", ""\""8-methoxymellein\"""", ""\""Casearupestrin A\"""", ""\""3,5,6,7,3',4',5'-heptamethoxyflavonol\"""", ""\""taxifolin\"""", ""\""3,21-Di-epi-feroniellide B\"""", ""\""Isoplumericin\"""", ""\""2,7-Di-O-acetylcasearupestrin A\"""", ""\""Fasciculiferin\"""", ""\""5-hydroxymellein\"""", ""\""(3R,4R)-4,7-Dihydroxymellein\"""", ""\""Plumericin\"""", ""\""5-hydroxynoracronycine; Atalaphyllidine\"""", ""\""Kaempferol-3-O-\u03b1-L-rhamnopyranosyl-(1-6)-\u03b1-L-rhamnopyranosyl-(1-4)-\u03b2-D-glucopyranoside\"""", ""\""Kaempferitrin\"""", ""\""urauchimycin B\"""", ""\""Muraxanthone\"""", ""\""Clusifoliol\"""", ""\""Chrysoeriol\"""", ""\""Pterogynoside; Kaempferol-3-O-(3''-O-4'''-methylgallate-\u03b1-L-rhamnoside)\"""", ""\""Mangiferin\"""", ""\""Lauryl gallate\"""", ""\""Kaempferol-3-O-\u03b1-L-rhamnopyranosyl-(1\u21926)-\u03b2-D-galactopyranoside\"""", ""\""acacetin\""""]]","doi_name"
"[""10.1016/0040-4020(95)00254-6"", ""(-)-Spectalinine""]","[""10.1016/0040-4020(95)00254-6"", [""\""Leptophyllin A\"""", ""\""Mycoleptone B\"""", ""\""Piperol B\"""", ""\""Procyanidin B-3\"""", ""\""3,21-Di-epi-feroniellide B\"""", ""\""Nectandrin B\"""", ""\""Leptomerine\"""", ""\""Piperaduncine B\"""", ""\""atalaphyllinine\"""", ""\""Leiokinine A\"""", ""\""polypodine B\"""", ""\""Chaetoglobosin B\"""", ""\""Casearupestrin B\"""", ""\""urauchimycin B\"""", ""\""4-Hydroxymellein\"""", ""\""Nitensidine B\"""", ""\""Xanthyletin\"""", ""\""Caseobliquin A\"""", ""\""Isopimpinellin\"""", ""\""Sorbifolin\"""", ""\""\u03b2-caryophyllene, trans-caryophyllene\"""", ""\""\u03b2-photogedunin\"""", ""\""Heveaflavone\"""", ""\""Proanthocyanidin\"""", ""\""Sorbifolin 6-O-\u03b2-glucopyranoside\"""", ""\""4,5-dihydropiperlonguminine; Piperlonguminine\"""", ""\""(R)-7-Hydroxymellein\"""", ""\""Podocarpusflavone A\"""", ""\""Mycoleptone A\"""", ""\""Plumericin\"""", ""\""\u03b2-Gardiol\"""", ""\""Aphidicolin\"""", ""\""Benzylhydroxymethyl sulphide\"""", ""\""8-methoxymellein\"""", ""\""Periconicin B\"""", ""\""2-oxo-piperol B; (7S*, 8R*, 1R*, 3R*)-3,4,5-trimethoxy-3,7-cyclo-8,1-neolig-8-ene-2,4(3H)-dione\"""", ""\""Piscidinol A\"""", ""\""n-Pentyl gallate\"""", ""\""Pedalin, pedalitin 6-O-\u03b2 -glucopyranoside\"""", ""\""Arboreumine\"""", ""\""neoisoastilbin\"""", ""\""Isoplumericin\"""", ""\""Luteolin; 2-(3,4-dihydroxyphenyl)-5,7-dihydroxy-4H-chromen-4-one\"""", ""\""Kaempferol\"""", ""\""5-hydroxymellein\"""", ""\""3,5,6,7,3',4',5'-heptamethoxyflavonol\"""", ""\""(3R,4R)-4,7-Dihydroxymellein\"""", ""\""Burchellin\"""", ""\""4,5-dihydropiperyline\"""", ""\""Clusifoliol\""""]]","doi_name"
"[""10.1016/0040-4020(95)00254-6"", ""Leptophyllin A""]","[""10.1016/0040-4020(95)00254-6"", [""\""Leptophyllin A\"""", ""\""Mycoleptone B\"""", ""\""Piperol B\"""", ""\""Procyanidin B-3\"""", ""\""3,21-Di-epi-feroniellide B\"""", ""\""Nectandrin B\"""", ""\""Leptomerine\"""", ""\""Piperaduncine B\"""", ""\""atalaphyllinine\"""", ""\""Leiokinine A\"""", ""\""polypodine B\"""", ""\""Chaetoglobosin B\"""", ""\""Casearupestrin B\"""", ""\""urauchimycin B\"""", ""\""4-Hydroxymellein\"""", ""\""Nitensidine B\"""", ""\""Xanthyletin\"""", ""\""Caseobliquin A\"""", ""\""Isopimpinellin\"""", ""\""Sorbifolin\"""", ""\""\u03b2-caryophyllene, trans-caryophyllene\"""", ""\""\u03b2-photogedunin\"""", ""\""Heveaflavone\"""", ""\""Proanthocyanidin\"""", ""\""Sorbifolin 6-O-\u03b2-glucopyranoside\"""", ""\""4,5-dihydropiperlonguminine; Piperlonguminine\"""", ""\""(R)-7-Hydroxymellein\"""", ""\""Podocarpusflavone A\"""", ""\""Mycoleptone A\"""", ""\""Plumericin\"""", ""\""\u03b2-Gardiol\"""", ""\""Aphidicolin\"""", ""\""Benzylhydroxymethyl sulphide\"""", ""\""8-methoxymellein\"""", ""\""Periconicin B\"""", ""\""2-oxo-piperol B; (7S*, 8R*, 1R*, 3R*)-3,4,5-trimethoxy-3,7-cyclo-8,1-neolig-8-ene-2,4(3H)-dione\"""", ""\""Piscidinol A\"""", ""\""n-Pentyl gallate\"""", ""\""Pedalin, pedalitin 6-O-\u03b2 -glucopyranoside\"""", ""\""Arboreumine\"""", ""\""neoisoastilbin\"""", ""\""Isoplumericin\"""", ""\""Luteolin; 2-(3,4-dihydroxyphenyl)-5,7-dihydroxy-4H-chromen-4-one\"""", ""\""Kaempferol\"""", ""\""5-hydroxymellein\"""", ""\""3,5,6,7,3',4',5'-heptamethoxyflavonol\"""", ""\""(3R,4R)-4,7-Dihydroxymellein\"""", ""\""Burchellin\"""", ""\""4,5-dihydropiperyline\"""", ""\""Clusifoliol\""""]]","doi_name"
"[""10.1016/j.biortech.2010.01.041"", ""p-hydroxybenzoic acid-geranyl ester""]","[""10.1016/j.biortech.2010.01.041"", [""\""3,4-dihydroxybenzoic acid geranyl ester\"""", ""\""p-hydroxybenzoic acid-geranyl ester\"""", ""\""4-Hydroxy-3-(3',7'-dimethylocta-2'-E-6'-dienyl)benzoic acid\"""", ""\""4-Hydroxy-(3',7'-dimethyl-1'-oxo-octa-2'-Z-6'-dienyl)benzoic acid\"""", ""\""3-(3',7 '-dimethyl-2',6 '-octadienyl)-4-methoxy-benzoic acid\"""", ""\""4-Hydroxy-(3',7'-dimethyl-1'-oxo-octa-2'-E-6'-dienyl)benzoic acid\"""", ""\""4-Hydroxy-3-(3',7'-dimethyl-3'-hydroxy-1'-oxo-6'-octenyl)benzoic acid\"""", ""\""Myrsinoic acid A, 3-Geranyl-4-hydroxy-5-(3'',3''-dimethylallyl)benzoic acid\"""", ""\""4-Methoxy-3-(3',7'-dimethylocta-2'-E-6'-dienyl)benzoic acid\"""", ""\""3,4,5-Triacetoxybenzoic acid\"""", ""\""2,4-Dihydroxy-6-[(1'E,3'E)-penta-1', 3'-dienyl]-benzaldehyde\"""", ""\""2,4,6-trimethoxybenzoic acid\"""", ""\""1,4-Dihydroxy-2-(3',7'-dimethyl-1'-oxo-2'-E-6'-octadienyl)benzene\"""", ""\""Ethyl 2,4-dihydroxy-5,6-dimethylbenzoate\"""", ""\""5,7-dimethoxy-2,2-dimethyl-2H-1-benzopyran-6-propanoic acid\"""", ""\""p-hydroxybenzoic acid\"""", ""\""Methyl 4-hydroxy-3-(3'-methyl-2'-butenyl)benzoate\"""", ""\""Methyl 4-hydroxy-3-(3'-methyl-2'-hydroxy-3'-butenyl)benzoate\"""", ""\""Gallic acid; 3,4,5-trihydroxybenzoic acid\"""", ""\""(3R,4R)-3,4-Dihydro-4,6-dihydroxy-3-methyl-1-oxo-1H-isochromene-5-carboxylic acid\"""", ""\""Hostmaniene; 4-Hydroxy-3-(2',3'-dihydroxy-3'-methylbutyl)benzoate\"""", ""\""5-(3'' -Hydroxypropyl)-7-methoxy-2-(3',4' -methyl-enedioxyphenyl)benzofuran\"""", ""\""5,7-dimethoxy-2,2-dimethyl-2H-1-benzopyran-6-propanoate\"""", ""\""3,4-dehydrostrictosidine acid\"""", ""\""21\u00b4-(3,4-Methylenedioxyphenyl)-henicosanoic acid\"""", ""\""1,3,5-trihydroxy- 2,8-bis(3-methylbut-2-enyl)-10-methyl-9-acridone\"""", ""\""5-[3''-(\u03b2-D-glucopyranosyloxy)propyl]-7-methoxy-2-(3',4'-methylenedioxyphenyl)benzofuran\"""", ""\""5-[3''-(\u03b2-D-glucopyranosyloxy)propyl]-7-methoxy-2-(3',4'-dimethoxyphenyl)benzofuran\"""", ""\""3,4,5-Trimethoxydihydrocinnamic acid\"""", ""\""17-(3,4-Methylenedioxyphenyl)-heptadecanoic acid\"""", ""\""Stearic acid 4-pentoyloxyphenethyl ester\"""", ""\""(3-(2-(4-hydroxyphenyl)-2-oxoethyl)-5,6-dihydropyridin- 2(1H)-one)\"""", ""\""2-(2'-O-benzoyl)-C-\u03b2-D-glucopyranosyl-1,3,6,7-tetrahydroxyxanthone\"""", ""\""(3R,4R)-4,7-Dihydroxymellein\"""", ""\""1,3,5-trihydroxy-4-methoxy-10-methyl- 2,8-bis(3-methylbut-2-enyl)acridin-9(10H)-one\"""", ""\""Rel-6\u03b2-hydroxyzuelanin-2\u03b2-benzoate\"""", ""\""3,4-dimethyl-2-(4'-hydroxy-3',5'-dimethoxyphenyl)-5-methoxy-tetrahydrofuran\"""", ""\""2\u03b1,3\u03b1-dihydroxyolean-12- en-28-oic acid\"""", ""\""1-[3-(3,7-dimethylocta-2,6-dien-1-yl)-2,4,6- trihydroxyphenyl]-3-(4-hydroxyphenyl)propan-1-one\"""", ""\""1-methoxy-3-hydroxy-3,10b-4,5a-diepoxy-8b-isobutyroyloxygermacr-11(13)-en-6a,12-olide\"""", ""\""3,4-dihydro-3,5,8-trihydroxy-6-methoxy-2,2,7-trimethyl-2Hpyrano[ 2,3-a]acridin-12(7H)-one\"""", ""\""6\u03b2-hydroxy-7-epigardoside methyl ester\"""", ""\""Rel-2\u03b1-hydroxyzuelanin-6\u03b2-benzoate\"""", ""\""2-Methyl-5-methoxy-benzopyran-4-one\"""", ""\""2\u03b1,3\u03b1-Dihydroxy-urs-12-en-28-oic acid\"""", ""\""3,4-dehydro-strictosidine\"""", ""\""(2'S)-2-(propan-2'-ol)-5-hydroxy-benzopyran-4-one\"""", ""\""3,12-Dihydroxycadalene\"""", ""\""3-O-\u03b2-D-quinovopyranosyl cincholic acid\"""", ""\""19\u00b4-(3,4-Methylenedioxyphenyl)-nonadecanoic acid\""""]]","doi_name"
"[""10.1016/j.jep.2007.09.020"", ""Methacrylic acid""]","[""10.1016/j.jep.2007.09.020"", [""\""Ixoside\"""", ""\""schaftoside\"""", ""\""Isoswertisin-2''\u03b11-L-rhamnoside\"""", ""\""Isoplumericin\"""", ""\""Isosakuranetin; 5,7-dihydroxy-4'-methoxyflavanone\"""", ""\""Iso-odoratol\"""", ""\""Isoswertisin-4'-methyl-ether-2''\u03b1-L-rhamnoside\"""", ""\""Strictosidine acid\"""", ""\""Galioside\"""", ""\""Apodanthoside\"""", ""\""neoisoastilbin\"""", ""\""Isopimpinellin\"""", ""\""Nitensoside A; Sorbifolin 6-O-\u03b1-rhamnopyranosyl(1'''\u21926'')-\u03b2-glucopyranoside\"""", ""\""5\u03b1-carboxystrictosidine\"""", ""\""(-) Cis-4-hydroxy-6-deoxyscytalone\"""", ""\""Nitensoside B; Pedalitin 6-O-\u03b1-rhamnopyranosyl(1'''\u21926'')-\u03b2-glucopyranoside\"""", ""\""3,4-dehydro-strictosidine\"""", ""\""Isoorientin\"""", ""\""Phomopsilactone\"""", ""\""1,6-di-O-caffeoyl-\u03b2-D-glucopyranoside\"""", ""\""6'-Acetyl-\u03b2-D-glucopyranosyldiderroside\"""", ""\""Oleanolic acid 3-sophoroside\"""", ""\""8-hydroxy-6-methoxy-3-methylisocoumarin\"""", ""\""Isobutyl gallate\"""", ""\""Diderroside\"""", ""\""(3R,4R)-3,4-Dihydro-4,6-dihydroxy-3-methyl-1-oxo-1H-isochromene-5-carboxylic acid\"""", ""\""Maculosidine\"""", ""\""4-Hydroxymellein\"""", ""\""Quercetin 3-O-sophoroside\"""", ""\""Chrysoeriol\"""", ""\""3,4,5-trimethoxyphenyl 1-O-\u03b2-D-apiofuranosyl-(1\u21926)-O-\u03b2-D-glucopyranoside\"""", ""\""Mayoside C\"""", ""\""Galioside aglicone\"""", ""\""Sorbifolin 6-O-\u03b2-glucopyranoside\"""", ""\""3,4,5-Trimethoxyphenyl-1-O-\u03b2-D-(5-O-syringoyl)-apiofuranosyl-(1\u21926)-\u03b2-D-glucopyranoside\"""", ""\""(\u00b1)-Syringaresinol\"""", ""\""Pedalin, pedalitin 6-O-\u03b2 -glucopyranoside\"""", ""\""(+)-\u03b1-Hydroxyerysotrine\"""", ""\""7-Methoxydiderroside\"""", ""\""Acteoside; [\u03b2-3,4-dihydroxyphenyl)-ethyl]-(3'-O-\u03b1-L-rhamnopyranosyl)-(4'-O-cafeoyl)-\u03b2-D-glycopyranoside, verbascoside\"""", ""\""1-O-(E)-caffeoyl-\u03b2-D-glucopyranoside\"""", ""\""2\u03b1,3\u03b1-Dihydroxy-urs-12-en-28-oic acid\"""", ""\""Isopropyl gallate\"""", ""\""Heveaflavone\"""", ""\""5-hydroxynoracronycine; Atalaphyllidine\"""", ""\""2\u03b2-Hydroxyzuelanin-6\u03b2-cinnamate\"""", ""\""6\u03b2-hydroxy-7-epigardoside methyl ester\"""", ""\""3,4-dehydrostrictosidine acid\"""", ""\""Tithonine\"""", ""\""2\u03b1,3\u03b1,19\u03b1- trihydroxyurs-12-en-28-oic acid\""""]]","doi_name"
"[""10.1016/j.jfca.2003.09.013"", ""p-Coumaric acid""]","[""10.1016/j.jfca.2003.09.013"", [""\""Chlorogenic acid\"""", ""\""Chlorogenic acid methyl ester, Methyl (1S,3R,4R,5R)-3-{[(2E)-3-(3,4-dihydroxyphenyl)-2-propenoyl]oxy}-1,4,5-trihydroxycyclohexanecarboxylate\"""", ""\""Ferulic acid\"""", ""\""p-Coumaric acid\"""", ""\""Proanthocyanidin\"""", ""\""Alkenoic acid\"""", ""\""2-hydroxyphenylacetic acid\"""", ""\""1,6-di-O-caffeoyl-\u03b2-D-glucopyranoside\"""", ""\""Methacrylic acid\"""", ""\""1-O-(E)-caffeoyl-\u03b2-D-glucopyranoside\"""", ""\""3,4,5-Trimethoxydihydrocinnamic acid\"""", ""\""Sargaquinoic acid\"""", ""\""Syringic acid\"""", ""\""Methyl gallate\"""", ""\""Sinapic acid\"""", ""\""Catechin, Ent-catechin\"""", ""\""Kaempferol-3-O-D-glucopyranoside\"""", ""\""2,4,6-trimethoxybenzoic acid\"""", ""\""(-)-Epigallocatechin-3-O-gallate\"""", ""\""Gallic acid; 3,4,5-trihydroxybenzoic acid\"""", ""\""p-hydroxybenzoic acid-geranyl ester\"""", ""\""Kaempferol-3-O-D-galactopyranoside\"""", ""\""4-Hydroxy-3-(3',7'-dimethylocta-2'-E-6'-dienyl)benzoic acid\"""", ""\""Procyanidin B-3\"""", ""\""p-hydroxybenzoic acid\"""", ""\""3-O-\u03b2-D-quinovopyranosyl cincholic acid\"""", ""\""2-Methyl-4-hydroxy-butyl caffeoate\"""", ""\""Heveaflavone\"""", ""\""Sorbifolin 6-O-\u03b2-glucopyranoside\"""", ""\""acacetin\"""", ""\""Isopropyl gallate\"""", ""\""Oleanolic acid 3-sophoroside\"""", ""\""Strictosidine acid\"""", ""\""Kaempferol\"""", ""\""2,2-dimethyl-2H-chromene-6-carboxylic acid\"""", ""\""8-hydroxy-6-methoxy-3-methylisocoumarin\"""", ""\""3-Acetyl aleuritolic acid\"""", ""\""(-)-Epigallocatechin\"""", ""\""4-Hydroxy-(3',7'-dimethyl-1'-oxo-octa-2'-Z-6'-dienyl)benzoic acid\"""", ""\""Methyl-8-hydroxy-2,2-dimethylchroman-6-carboxylate\"""", ""\""Lauryl gallate\"""", ""\""Methyl-2,2-dimethylchroman-6-carboxylate\"""", ""\""3,4-dihydroxybenzoic acid geranyl ester\"""", ""\""2-(2'-O-trans-caffeoyl)-C-\u03b2-D-glucopyranosyl-1,3,6,7-tetrahydroxyxanthone\"""", ""\""6'-Acetyl-\u03b2-D-glucopyranosyldiderroside\"""", ""\""2',6'-Dihydroxy-4'-methoxydihydrochalcone\"""", ""\""3-Oxoursolic acid\"""", ""\""4-Hydroxy-(3',7'-dimethyl-1'-oxo-octa-2'-E-6'-dienyl)benzoic acid\"""", ""\""(+)-Guaiacin\"""", ""\""1-O-(E)-feruloyl-\u03b2-D-glucopyranoside\""""]]","doi_name"
"[""10.1016/j.jpba.2012.08.028"", ""(\u2212)-Grandisin""]","[""10.1016/j.jpba.2012.08.028"", [""\""(\u2212)-Grandisin\"""", ""\""(+)-Guaiacin\"""", ""\""(\u00b1)-Syringaresinol\"""", ""\""(-)-Spectalinine\"""", ""\""(-)-Epigallocatechin\"""", ""\""(-)-Hardwickiic acid\"""", ""\""(-) Cis-4-hydroxy-6-deoxyscytalone\"""", ""\""(+)-\u03b1-Hydroxyerysotrine\"""", ""\""(-)-3-O-acetyl-spectaline\"""", ""\""(-)-Epigallocatechin-3-O-gallate\"""", ""\""(+)-3-O-feruloylcassine\"""", ""\""[8]-gingerol\"""", ""\""(+)-Erythravine\"""", ""\""5-[8(Z)-pentadecenyl]resorcinol\"""", ""\""6'-Acetyl-\u03b2-D-glucopyranosyldiderroside\"""", ""\""Epi-guaiacin\"""", ""\""5-[8(Z),11(Z)-pentadecadienyl]resorcinol\"""", ""\""Eugenitin\"""", ""\""2-(1'-pentenyl)-Quinoline\"""", ""\""[10]-gingerol\"""", ""\""2-methyl-5-[8(Z)-pentadecenyl]resorcinol\"""", ""\""Ricinine\"""", ""\""Anhydrofusarubin\"""", ""\""2-methyl-5-[8(Z),11(Z)-pentadecadienyl]resorcinol\"""", ""\""(2'S)-2-(propan-2'-ol)-5-hydroxy-benzopyran-4-one\"""", ""\""Di-hydrodehydrodiconiferyl alcohol\"""", ""\""3-O-\u03b2-D-quinovopyranosyl cincholic acid\"""", ""\""2-methyl-5-[8(Z),11(Z),14-pentadecatrienyl]resorcinol\"""", ""\""2\u03b2-Hydroxyzuelanin-6\u03b2-cinnamate\"""", ""\""6-[ 8(Z),11(Z) -pentadecadienyl] salicylic acid\"""", ""\""6-[8(Z)-pentadecenyl]salicylic acid\"""", ""\""\u03b2-photogedunin\"""", ""\""Mangiferin\"""", ""\""(R)-7-Hydroxymellein\"""", ""\""des-N-methylnoracronycine\"""", ""\""N-1,N-2,N-3-Triisopentenylguanidine\"""", ""\""5-[8(Z),11(Z),14-pentadecatrienyl]resorcinol\"""", ""\""6-methoxyeugenin\"""", ""\""(3-(2-(4-hydroxyphenyl)-2-oxoethyl)-5,6-dihydropyridin- 2(1H)-one)\"""", ""\""2-(2'-O-trans-cinnamoyl)-C-\u03b2-D-glucopyranosyl-1,3,6,7-tetrahydroxyxanthone\"""", ""\""Piscidinol A\"""", ""\""Juruenolic acid; 2-(4'-Methylpentenyl-3)-10-oxoundecan-2,6-dienoic acid\"""", ""\""N-acetylnonaine\"""", ""\""(E)-piplartine\"""", ""\""acacetin\"""", ""\""n-Propyl gallate\"""", ""\""28-O-\u03b2-D-glucopyranosyl quinovic acid\"""", ""\""2-(2'-O-benzoyl)-C-\u03b2-D-glucopyranosyl-1,3,6,7-tetrahydroxyxanthone\"""", ""\""1,6-di-O-caffeoyl-\u03b2-D-glucopyranoside\"""", ""\""(22E,24R)-ergosta-4,6,8(14),22-tetraen-3-one\""""]]","doi_name"
"[""10.1016/j.jphotobiol.2013.01.006"", ""Maculosidine""]","[""10.1016/j.jphotobiol.2013.01.006"", [""\""Maculosidine\"""", ""\""carlinoside\"""", ""\""Muraxanthone\"""", ""\""3,4-dehydro-strictosidine\"""", ""\""Ixoside\"""", ""\""Apodanthoside\"""", ""\""Proanthocyanidin\"""", ""\""Strictosidine acid\"""", ""\""Mayoside C\"""", ""\""Procyanidin B-3\"""", ""\""5\u03b1-carboxystrictosidine\"""", ""\""1-O-(E)-caffeoyl-\u03b2-D-glucopyranoside\"""", ""\""schaftoside\"""", ""\""Quercetin\"""", ""\""3-O-methylquercetin\"""", ""\""Quercetin 3-O-sophoroside\"""", ""\""Galioside\"""", ""\""1,6-di-O-caffeoyl-\u03b2-D-glucopyranoside\"""", ""\""3',4'-methylenedioxy-5,6,7- trimethoxyflavone\"""", ""\""2',6'-Dihydroxy-4'-methoxydihydrochalcone\"""", ""\""3,4-dehydrostrictosidine acid\"""", ""\""3\u03b2-O-[\u03b1-L-rhamnopyranosyl-(1\u21922)-O-\u03b2-D-glucopyranosyl-(1\u21922)-O-\u03b2-D-glucopyranosyl]-28-O-\u03b2-D-glucopyranoside pomolate\"""", ""\""1-O-(E)-feruloyl-\u03b2-D-glucopyranoside\"""", ""\""Methyl gallate\"""", ""\""Oleanolic acid 3-sophoroside\"""", ""\""Quercetin-3-O-\u03b1-L-rhamnopyranosyl-(1\u21926)-\u03b2-D-galactopyranoside\"""", ""\""3',4'-methylenedioxy-5,5',6,7-tetramethoxyflavone\"""", ""\""8-hydroxy-6-methoxy-3-methylisocoumarin\"""", ""\""3',4'-methylenedioxy-5,7-dimethoxyflavone\"""", ""\""(+)-3-O-feruloylcassine\"""", ""\""3,4,5-trimethoxyphenyl 1-O-\u03b2-D-apiofuranosyl-(1\u21926)-O-\u03b2-D-glucopyranoside\"""", ""\""7-Methoxydiderroside\"""", ""\""6\u03b1-malonyloxymanoyl oxide\"""", ""\""p-Coumaric acid\"""", ""\""Mangiferin\"""", ""\""Kaempferol-3-O-D-galactopyranoside\"""", ""\""3,4,5-Trimethoxyphenyl-1-O-\u03b2-D-(5-O-syringoyl)-apiofuranosyl-(1\u21926)-\u03b2-D-glucopyranoside\"""", ""\""\u03b1-L-xylopyranosyl-(4\""\u219220)-(3-O-\u03b2-D-glucopyranosyl)-1'-O-E-caffeoyl-\u03b2-D-glucopyranoside\"""", ""\""Kaempferol-3-O-\u03b1-L-rhamnopyranosyl-(1\u21926)-\u03b2-D-galactopyranoside\"""", ""\""Diderroside\"""", ""\""Kaempferol-3-O-rutinoside\"""", ""\""3,3-O-dimethylquercetin\"""", ""\""Methyl 6,7,8-trimethoxydihydrocinnamate\"""", ""\""6\u03b2-hydroxy-7-epigardoside methyl ester\"""", ""\""Afzelin, 3-O-\u03b1-rhamnosyl kaempferol\"""", ""\""8-methoxymellein\"""", ""\""Fasciculiferin\"""", ""\""Kaempferol-3-O-D-glucopyranoside\"""", ""\""6'-Acetyl-\u03b2-D-glucopyranosyldiderroside\"""", ""\""Kaempferol-3-O-\u03b1-L-rhamnopyranosyl-(1-6)-\u03b1-L-rhamnopyranosyl-(1-4)-\u03b2-D-glucopyranoside\""""]]","doi_name"
"[""10.1016/j.jphotobiol.2013.01.006"", ""Kokusaginine""]","[""10.1016/j.jphotobiol.2013.01.006"", [""\""Maculosidine\"""", ""\""carlinoside\"""", ""\""Muraxanthone\"""", ""\""3,4-dehydro-strictosidine\"""", ""\""Ixoside\"""", ""\""Apodanthoside\"""", ""\""Proanthocyanidin\"""", ""\""Strictosidine acid\"""", ""\""Mayoside C\"""", ""\""Procyanidin B-3\"""", ""\""5\u03b1-carboxystrictosidine\"""", ""\""1-O-(E)-caffeoyl-\u03b2-D-glucopyranoside\"""", ""\""schaftoside\"""", ""\""Quercetin\"""", ""\""3-O-methylquercetin\"""", ""\""Quercetin 3-O-sophoroside\"""", ""\""Galioside\"""", ""\""1,6-di-O-caffeoyl-\u03b2-D-glucopyranoside\"""", ""\""3',4'-methylenedioxy-5,6,7- trimethoxyflavone\"""", ""\""2',6'-Dihydroxy-4'-methoxydihydrochalcone\"""", ""\""3,4-dehydrostrictosidine acid\"""", ""\""3\u03b2-O-[\u03b1-L-rhamnopyranosyl-(1\u21922)-O-\u03b2-D-glucopyranosyl-(1\u21922)-O-\u03b2-D-glucopyranosyl]-28-O-\u03b2-D-glucopyranoside pomolate\"""", ""\""1-O-(E)-feruloyl-\u03b2-D-glucopyranoside\"""", ""\""Methyl gallate\"""", ""\""Oleanolic acid 3-sophoroside\"""", ""\""Quercetin-3-O-\u03b1-L-rhamnopyranosyl-(1\u21926)-\u03b2-D-galactopyranoside\"""", ""\""3',4'-methylenedioxy-5,5',6,7-tetramethoxyflavone\"""", ""\""8-hydroxy-6-methoxy-3-methylisocoumarin\"""", ""\""3',4'-methylenedioxy-5,7-dimethoxyflavone\"""", ""\""(+)-3-O-feruloylcassine\"""", ""\""3,4,5-trimethoxyphenyl 1-O-\u03b2-D-apiofuranosyl-(1\u21926)-O-\u03b2-D-glucopyranoside\"""", ""\""7-Methoxydiderroside\"""", ""\""6\u03b1-malonyloxymanoyl oxide\"""", ""\""p-Coumaric acid\"""", ""\""Mangiferin\"""", ""\""Kaempferol-3-O-D-galactopyranoside\"""", ""\""3,4,5-Trimethoxyphenyl-1-O-\u03b2-D-(5-O-syringoyl)-apiofuranosyl-(1\u21926)-\u03b2-D-glucopyranoside\"""", ""\""\u03b1-L-xylopyranosyl-(4\""\u219220)-(3-O-\u03b2-D-glucopyranosyl)-1'-O-E-caffeoyl-\u03b2-D-glucopyranoside\"""", ""\""Kaempferol-3-O-\u03b1-L-rhamnopyranosyl-(1\u21926)-\u03b2-D-galactopyranoside\"""", ""\""Diderroside\"""", ""\""Kaempferol-3-O-rutinoside\"""", ""\""3,3-O-dimethylquercetin\"""", ""\""Methyl 6,7,8-trimethoxydihydrocinnamate\"""", ""\""6\u03b2-hydroxy-7-epigardoside methyl ester\"""", ""\""Afzelin, 3-O-\u03b1-rhamnosyl kaempferol\"""", ""\""8-methoxymellein\"""", ""\""Fasciculiferin\"""", ""\""Kaempferol-3-O-D-glucopyranoside\"""", ""\""6'-Acetyl-\u03b2-D-glucopyranosyldiderroside\"""", ""\""Kaempferol-3-O-\u03b1-L-rhamnopyranosyl-(1-6)-\u03b1-L-rhamnopyranosyl-(1-4)-\u03b2-D-glucopyranoside\""""]]","doi_name"
"[""10.1016/j.micres.2004.06.003"", ""fumiquinozoline F""]","[""10.1016/j.micres.2004.06.003"", [""\""fumiquinozoline F\"""", ""\""Farnisine\"""", ""\""Picramnioside F\"""", ""\""Pyranofoline\"""", ""\""1-methyl-2-n-nonyl-4-quinolone\"""", ""\""Caseobliquin A\"""", ""\""Nitensidine D\"""", ""\""Nitensidine A\"""", ""\""2-n-nonyl-4-quinolone\"""", ""\""Nitensidine B\"""", ""\""Nitensidine E\"""", ""\""2-n-Propylquinoline\"""", ""\""2-n-Pentylquinoline\"""", ""\""fraxinellonone\"""", ""\""Nitensidine C\"""", ""\""2,3-dihydro-4,9-dihydroxy-2-(2-hydroxy-propan-2-yl)- 11-methoxy-10-methylfuro[3,2-b]acridin-5(10H)-one\"""", ""\""2-(3',4'-methylenedioxyphenylethyl)-Quinoline\"""", ""\""Piperaduncine B\"""", ""\""Anhydrofusarubin\"""", ""\""2-(1'-pentenyl)-Quinoline\"""", ""\""Piscidinol A\"""", ""\""Cuspanine; 1-hydroxy-2,3,5,6-tetramethoxy-9-acridone\"""", ""\""Fagaramide\"""", ""\""Fasciculiferin\"""", ""\""N-acetylnonaine\"""", ""\""Epi-guaiacin\"""", ""\""urauchimycin B\"""", ""\""3,4-dimethyl-2-(4'-hydroxy-3',5'-dimethoxyphenyl)-5-methoxy-tetrahydrofuran\"""", ""\""2\u03b2-Hydroxyzuelanin-6\u03b2-cinnamate\"""", ""\""3-O-\u03b2-D-quinovopyranosyl cincholic acid\"""", ""\""urauchimycin A\"""", ""\""5-hydroxy-N-methylseverifoline\"""", ""\""Casearupestrin D\"""", ""\""Methyl 6,7,8-trimethoxydihydrocinnamate\"""", ""\""(+)-Guaiacin\"""", ""\""N-1,N-2,N-3-Triisopentenylguanidine\"""", ""\""2,7-Di-O-acetylcasearupestrin A\"""", ""\""19,20-Epoxycytochalasin Q\"""", ""\""Casearupestrin C\"""", ""\""Dibenzyl sulphide\"""", ""\""Cordifoline\"""", ""\""taxifolin\"""", ""\""Piperyline, N-[10-(13,14-methylenedioxyphenyl)-7(E),9(E)-pentadienoyl]-pyrrolidine\"""", ""\""Rel-6\u03b2-hydroxyzuelanin-2\u03b2-benzoate\"""", ""\""Acetonide of odoratol\"""", ""\""N-[10- (13,14-methylenedioxyphenyl)-7(E)-pentaenoyl]-pyrrolidine\"""", ""\""N-[7-(3',4'-methylenedioxyphenyl)-2(Z),4(Z)-heptadienoyl]pyrrolidine\"""", ""\""2-butyl-D-fructofuranoside\"""", ""\""Piperol B\"""", ""\""bis-5-hydroxyacronycine\""""]]","doi_name"
"[""10.1016/j.phytochem.2004.03.039"", ""Cognatine""]","[""10.1016/j.phytochem.2004.03.039"", [""\""Cognatine\"""", ""\""Citibrasine\"""", ""\""Turbinatine\"""", ""\""Piperovatine\"""", ""\""Maytenin, Tingenone\"""", ""\""Egonol\"""", ""\""Nitensidine C\"""", ""\""Ricinine\"""", ""\""Kokusaginine\"""", ""\""Homoegonol\"""", ""\""Tagitinin C\"""", ""\""Glycocitrine-IV\"""", ""\""Ourateacatechin\"""", ""\""Odoratone\"""", ""\""acacetin\"""", ""\""N-acetylnonaine\"""", ""\""citrusinine-I\"""", ""\""Caseobliquin A\"""", ""\""Canavaline\"""", ""\""Cordifoline\"""", ""\""Farnisine\"""", ""\""amorphispironone\"""", ""\""Pellitorine\"""", ""\""Citrusinine-II\"""", ""\""Citrusinine-I\"""", ""\""fraxinellone\"""", ""\""Galioside aglicone\"""", ""\""Eugenitin\"""", ""\""Glycocitrine-I\"""", ""\""Quercetin\"""", ""\""Pyranofoline\"""", ""\""Periconicin B\"""", ""\""Ocotillone\"""", ""\""fumiquinozoline F\"""", ""\""Photogedunin\"""", ""\""Skimmianine\"""", ""\""Haplotusine\"""", ""\""(E)-piplartine\"""", ""\""Epi-guaiacin\"""", ""\""bis-5-hydroxyacronycine\"""", ""\""toonacilin\"""", ""\""Fagaramide\"""", ""\""Secoxyloganin\"""", ""\""Tithonine\"""", ""\""Pedalitin\"""", ""\""Casearupestrin C\"""", ""\""Verrucosin\"""", ""\""Nilocetin\"""", ""\""Teucrein\"""", ""\""Nitensidine B\""""]]","doi_name"
"[""10.1016/j.phytochem.2004.03.039"", ""Netzahualcoyondiol""]","[""10.1016/j.phytochem.2004.03.039"", [""\""Cognatine\"""", ""\""Citibrasine\"""", ""\""Turbinatine\"""", ""\""Piperovatine\"""", ""\""Maytenin, Tingenone\"""", ""\""Egonol\"""", ""\""Nitensidine C\"""", ""\""Ricinine\"""", ""\""Kokusaginine\"""", ""\""Homoegonol\"""", ""\""Tagitinin C\"""", ""\""Glycocitrine-IV\"""", ""\""Ourateacatechin\"""", ""\""Odoratone\"""", ""\""acacetin\"""", ""\""N-acetylnonaine\"""", ""\""citrusinine-I\"""", ""\""Caseobliquin A\"""", ""\""Canavaline\"""", ""\""Cordifoline\"""", ""\""Farnisine\"""", ""\""amorphispironone\"""", ""\""Pellitorine\"""", ""\""Citrusinine-II\"""", ""\""Citrusinine-I\"""", ""\""fraxinellone\"""", ""\""Galioside aglicone\"""", ""\""Eugenitin\"""", ""\""Glycocitrine-I\"""", ""\""Quercetin\"""", ""\""Pyranofoline\"""", ""\""Periconicin B\"""", ""\""Ocotillone\"""", ""\""fumiquinozoline F\"""", ""\""Photogedunin\"""", ""\""Skimmianine\"""", ""\""Haplotusine\"""", ""\""(E)-piplartine\"""", ""\""Epi-guaiacin\"""", ""\""bis-5-hydroxyacronycine\"""", ""\""toonacilin\"""", ""\""Fagaramide\"""", ""\""Secoxyloganin\"""", ""\""Tithonine\"""", ""\""Pedalitin\"""", ""\""Casearupestrin C\"""", ""\""Verrucosin\"""", ""\""Nilocetin\"""", ""\""Teucrein\"""", ""\""Nitensidine B\""""]]","doi_name"
"[""10.1016/j.phytochem.2004.03.039"", ""Netzahualcoyonol""]","[""10.1016/j.phytochem.2004.03.039"", [""\""Cognatine\"""", ""\""Citibrasine\"""", ""\""Turbinatine\"""", ""\""Piperovatine\"""", ""\""Maytenin, Tingenone\"""", ""\""Egonol\"""", ""\""Nitensidine C\"""", ""\""Ricinine\"""", ""\""Kokusaginine\"""", ""\""Homoegonol\"""", ""\""Tagitinin C\"""", ""\""Glycocitrine-IV\"""", ""\""Ourateacatechin\"""", ""\""Odoratone\"""", ""\""acacetin\"""", ""\""N-acetylnonaine\"""", ""\""citrusinine-I\"""", ""\""Caseobliquin A\"""", ""\""Canavaline\"""", ""\""Cordifoline\"""", ""\""Farnisine\"""", ""\""amorphispironone\"""", ""\""Pellitorine\"""", ""\""Citrusinine-II\"""", ""\""Citrusinine-I\"""", ""\""fraxinellone\"""", ""\""Galioside aglicone\"""", ""\""Eugenitin\"""", ""\""Glycocitrine-I\"""", ""\""Quercetin\"""", ""\""Pyranofoline\"""", ""\""Periconicin B\"""", ""\""Ocotillone\"""", ""\""fumiquinozoline F\"""", ""\""Photogedunin\"""", ""\""Skimmianine\"""", ""\""Haplotusine\"""", ""\""(E)-piplartine\"""", ""\""Epi-guaiacin\"""", ""\""bis-5-hydroxyacronycine\"""", ""\""toonacilin\"""", ""\""Fagaramide\"""", ""\""Secoxyloganin\"""", ""\""Tithonine\"""", ""\""Pedalitin\"""", ""\""Casearupestrin C\"""", ""\""Verrucosin\"""", ""\""Nilocetin\"""", ""\""Teucrein\"""", ""\""Nitensidine B\""""]]","doi_name"
"[""10.1016/j.phytochem.2004.03.039"", ""22\u03b2-hydroxypristimerin""]","[""10.1016/j.phytochem.2004.03.039"", [""\""Cognatine\"""", ""\""Citibrasine\"""", ""\""Turbinatine\"""", ""\""Piperovatine\"""", ""\""Maytenin, Tingenone\"""", ""\""Egonol\"""", ""\""Nitensidine C\"""", ""\""Ricinine\"""", ""\""Kokusaginine\"""", ""\""Homoegonol\"""", ""\""Tagitinin C\"""", ""\""Glycocitrine-IV\"""", ""\""Ourateacatechin\"""", ""\""Odoratone\"""", ""\""acacetin\"""", ""\""N-acetylnonaine\"""", ""\""citrusinine-I\"""", ""\""Caseobliquin A\"""", ""\""Canavaline\"""", ""\""Cordifoline\"""", ""\""Farnisine\"""", ""\""amorphispironone\"""", ""\""Pellitorine\"""", ""\""Citrusinine-II\"""", ""\""Citrusinine-I\"""", ""\""fraxinellone\"""", ""\""Galioside aglicone\"""", ""\""Eugenitin\"""", ""\""Glycocitrine-I\"""", ""\""Quercetin\"""", ""\""Pyranofoline\"""", ""\""Periconicin B\"""", ""\""Ocotillone\"""", ""\""fumiquinozoline F\"""", ""\""Photogedunin\"""", ""\""Skimmianine\"""", ""\""Haplotusine\"""", ""\""(E)-piplartine\"""", ""\""Epi-guaiacin\"""", ""\""bis-5-hydroxyacronycine\"""", ""\""toonacilin\"""", ""\""Fagaramide\"""", ""\""Secoxyloganin\"""", ""\""Tithonine\"""", ""\""Pedalitin\"""", ""\""Casearupestrin C\"""", ""\""Verrucosin\"""", ""\""Nilocetin\"""", ""\""Teucrein\"""", ""\""Nitensidine B\""""]]","doi_name"
"[""10.1016/j.phytochem.2005.06.019"", ""\u03b1-L-xylopyranosyl-(4\""\u219220)-(3-O-\u03b2-D-glucopyranosyl)-1'-O-E-caffeoyl-\u03b2-D-glucopyranoside""]","[""10.1016/j.phytochem.2005.06.019"", [""\""1,6-di-O-caffeoyl-\u03b2-D-glucopyranoside\"""", ""\""1-O-(E)-caffeoyl-\u03b2-D-glucopyranoside\"""", ""\""6'-Acetyl-\u03b2-D-glucopyranosyldiderroside\"""", ""\""2-(2'-O-trans-caffeoyl)-C-\u03b2-D-glucopyranosyl-1,3,6,7-tetrahydroxyxanthone\"""", ""\""\u03b1-L-xylopyranosyl-(4\""\u219220)-(3-O-\u03b2-D-glucopyranosyl)-1'-O-E-caffeoyl-\u03b2-D-glucopyranoside\"""", ""\""3-O-\u03b2-D-(6\u2019-methyl)-glucopyranosyl-28-O-\u03b2-D-glucopyranosyl-oleanate\"""", ""\""2-(2'-O-trans-cinnamoyl)-C-\u03b2-D-glucopyranosyl-1,3,6,7-tetrahydroxyxanthone\"""", ""\""2-(2'-O-transcoumaroyl)-C-\u03b2-D-glucopyranosyl-1,3,6,7-tetrahydroxyxanthone\"""", ""\""2-(2'-O-benzoyl)-C-\u03b2-D-glucopyranosyl-1,3,6,7-tetrahydroxyxanthone\"""", ""\""3,4,5-trimethoxyphenyl 1-O-\u03b2-D-apiofuranosyl-(1\u21926)-O-\u03b2-D-glucopyranoside\"""", ""\""3,4,5-Trimethoxyphenyl-1-O-\u03b2-D-(5-O-syringoyl)-apiofuranosyl-(1\u21926)-\u03b2-D-glucopyranoside\"""", ""\""Kaempferol 3-O-\u03b1-L-rhamnopyranosyl (1\u21926)-O-[\u03b2 -D-glucopyranosyl (1\u21923)-O-\u03b1-L-rhamnopyranosyl-(1\u21922)]-O-\u03b2 -D-glucopyranosyl\"""", ""\""6\u03b1-malonyloxymanoyl oxide\"""", ""\""6\u03b1-acetoxymanoyl oxide\"""", ""\""28-O-\u03b2-D-glucopyranosyl quinovic acid\"""", ""\""1-O-(E)-feruloyl-\u03b2-D-glucopyranoside\"""", ""\""Kaempferol-3-O-\u03b1-L-rhamnopyranosyl-(1-6)-\u03b1-L-rhamnopyranosyl-(1-4)-\u03b2-D-glucopyranoside\"""", ""\""Kaempferol-3-O-\u03b1-L-rhamnopyranosyl-(1\u21926)-\u03b2-D-galactopyranoside\"""", ""\""3\u03b2-O-[\u03b1-L-rhamnopyranosyl-(1\u21922)-O-\u03b2-D-glucopyranosyl-(1\u21922)-O-\u03b2-D-glucopyranosyl]-28-O-\u03b2-D-glucopyranoside pomolate\"""", ""\""Sorbifolin 6-O-\u03b2-glucopyranoside\"""", ""\""Quercetin 3-O-\u03b1-L-rhamnopyranosyl (1\u21926)-O-[\u03b2 -D-glucopyranosyl (1\u21923)-O-\u03b1-L-rhamnopyranosyl-(1\u21922)]-O-\u03b2 -D-glucopyranosyl\"""", ""\""1,2-dihydro- 3\u03b2-hydroxy-7-deacetoxy-7-oxogedunin\"""", ""\""2\u03b2-Hydroxyzuelanin-6\u03b2-cinnamate\"""", ""\""Quercetin-3-O-\u03b1-L-rhamnopyranosyl-(1\u21926)-\u03b2-D-galactopyranoside\"""", ""\""Pedalin, pedalitin 6-O-\u03b2 -glucopyranoside\"""", ""\""2,6-di-O-acetylcasearupestrin D\"""", ""\""5-[3''-(\u03b2-D-glucopyranosyloxy)propyl]-7-methoxy-2-(3',4'-dimethoxyphenyl)benzofuran\"""", ""\""Sinapyl 4-O-\u03b2-D-glucopyranoside aldehyde\"""", ""\""5-[3''-(\u03b2-D-glucopyranosyloxy)propyl]-7-methoxy-2-(3',4'-methylenedioxyphenyl)benzofuran\"""", ""\""11\u03b2-acetoxyobacunone\"""", ""\""Nitensoside B; Pedalitin 6-O-\u03b1-rhamnopyranosyl(1'''\u21926'')-\u03b2-glucopyranoside\"""", ""\""2',6'-Dihydroxy-4'-methoxydihydrochalcone\"""", ""\""3-O-\u03b2-D-quinovopyranosyl cincholic acid\"""", ""\""Nitensoside A; Sorbifolin 6-O-\u03b1-rhamnopyranosyl(1'''\u21926'')-\u03b2-glucopyranoside\"""", ""\""(-) Cis-4-hydroxy-6-deoxyscytalone\"""", ""\""6\u03b1-malonyloxy-n-butyl ester manoyl oxide\"""", ""\""Sinapyl 4-O-\u03b2-D-glucopyranoside alcohol\"""", ""\""2\u03b1,3\u03b1-dihydroxyolean-12- en-28-oic acid\"""", ""\""Kaempferol-3-O-D-glucopyranoside\"""", ""\""3-O-\u03b2-D-quinovopyranosyl quinovic acid\"""", ""\""3,4-dihydro-3,5,8-trihydroxy-6-methoxy-2,2,7-trimethyl-2Hpyrano[ 2,3-a]acridin-12(7H)-one\"""", ""\""2\u03b1,3\u03b1-Dihydroxy-urs-12-en-28-oic acid\"""", ""\""1-methoxy-3-hydroxy-3,10b-4,5a-diepoxy-8b-isobutyroyloxygermacr-11(13)-en-6a,12-olide\"""", ""\""6-[8(Z)-pentadecenyl]salicylic acid\"""", ""\""1- (5,7-dihydroxy-2,2-dimethylchroman-6-yl)-3-(2,2-dimethylchroman- 6-yl)propan-1-one\"""", ""\""5,7-dimethoxy-2,2-dimethyl-2H-1-benzopyran-6-propanoic acid\"""", ""\""4-Hydroxy-(3',7'-dimethyl-1'-oxo-octa-2'-E-6'-dienyl)benzoic acid\"""", ""\""2-Methyl-4-hydroxy-butyl caffeoate\"""", ""\""2',5-dihydroxy-3-methoxy-8-dimethylallyl-6, 7-(2' ',2''-dimethylpyrano)-dihydroflavonol\"""", ""\""4-Hydroxy-3-(3',7'-dimethylocta-2'-E-6'-dienyl)benzoic acid\""""]]","doi_name"
"[""10.1016/j.phytochem.2006.09.005"", ""2,4-Dihydroxy-6-[(1'E,3'E)-penta-1', 3'-dienyl]-benzaldehyde""]","[""10.1016/j.phytochem.2006.09.005"", [""\""Periconicin B\"""", ""\""Piperol B\"""", ""\""polypodine B\"""", ""\""Piperaduncine B\"""", ""\""Casearupestrin B\"""", ""\""Nectandrin B\"""", ""\""Procyanidin B-3\"""", ""\""Tagitinin C\"""", ""\""Nitensidine B\"""", ""\""Caseobliquin A\"""", ""\""Picramnioside F\"""", ""\""Pedalitin\"""", ""\""\u03b2-photogedunin\"""", ""\""Chaetoglobosin B\"""", ""\""Burchellin\"""", ""\""Mycoleptone B\"""", ""\""toonacilin\"""", ""\""3,21-Di-epi-feroniellide B\"""", ""\""acacetin\"""", ""\""Cognatine\"""", ""\""Piscidinol A\"""", ""\""Photogedunin\"""", ""\""Ourateacatechin\"""", ""\""Cabraleadiol\"""", ""\""urauchimycin B\"""", ""\""Homoegonol\"""", ""\""Casearupestrin A\"""", ""\""Piperovatine\"""", ""\""Egonol\"""", ""\""Salacin\"""", ""\""Galioside aglicone\"""", ""\""Leiokinine A\"""", ""\""bis-5-hydroxyacronycine\"""", ""\""Casearupestrin C\"""", ""\""Casearin T\"""", ""\""Casearupestrin D\"""", ""\""2-Episesalatin\"""", ""\""Isopimpinellin\"""", ""\""germacrene D\"""", ""\""Maytenin, Tingenone\"""", ""\""Beauvericin\"""", ""\""Orcinol\"""", ""\""Fasciculiferin\"""", ""\""Citibrasine\"""", ""\""N-acetylnonaine\"""", ""\""fumiquinozoline F\"""", ""\""Epi-guaiacin\"""", ""\""Plumericin\"""", ""\""Teucrein\"""", ""\""2,7-Di-O-acetylcasearupestrin A\""""]]","doi_name"
"[""10.1016/j.phytochem.2006.09.005"", ""Periconicin B""]","[""10.1016/j.phytochem.2006.09.005"", [""\""Periconicin B\"""", ""\""Piperol B\"""", ""\""polypodine B\"""", ""\""Piperaduncine B\"""", ""\""Casearupestrin B\"""", ""\""Nectandrin B\"""", ""\""Procyanidin B-3\"""", ""\""Tagitinin C\"""", ""\""Nitensidine B\"""", ""\""Caseobliquin A\"""", ""\""Picramnioside F\"""", ""\""Pedalitin\"""", ""\""\u03b2-photogedunin\"""", ""\""Chaetoglobosin B\"""", ""\""Burchellin\"""", ""\""Mycoleptone B\"""", ""\""toonacilin\"""", ""\""3,21-Di-epi-feroniellide B\"""", ""\""acacetin\"""", ""\""Cognatine\"""", ""\""Piscidinol A\"""", ""\""Photogedunin\"""", ""\""Ourateacatechin\"""", ""\""Cabraleadiol\"""", ""\""urauchimycin B\"""", ""\""Homoegonol\"""", ""\""Casearupestrin A\"""", ""\""Piperovatine\"""", ""\""Egonol\"""", ""\""Salacin\"""", ""\""Galioside aglicone\"""", ""\""Leiokinine A\"""", ""\""bis-5-hydroxyacronycine\"""", ""\""Casearupestrin C\"""", ""\""Casearin T\"""", ""\""Casearupestrin D\"""", ""\""2-Episesalatin\"""", ""\""Isopimpinellin\"""", ""\""germacrene D\"""", ""\""Maytenin, Tingenone\"""", ""\""Beauvericin\"""", ""\""Orcinol\"""", ""\""Fasciculiferin\"""", ""\""Citibrasine\"""", ""\""N-acetylnonaine\"""", ""\""fumiquinozoline F\"""", ""\""Epi-guaiacin\"""", ""\""Plumericin\"""", ""\""Teucrein\"""", ""\""2,7-Di-O-acetylcasearupestrin A\""""]]","doi_name"
"[""10.1016/j.phytochem.2009.08.013"", ""Methyl angolensate""]","[""10.1016/j.phytochem.2009.08.013"", [""\""Methyl angolensate\"""", ""\""Methyl gallate\"""", ""\""Methyl (E)-6,7,8-trimethoxycinnamate\"""", ""\""Methyl 6,7,8-trimethoxydihydrocinnamate\"""", ""\""Methyl 4-hydroxy-3-(3'-methyl-2'-butenyl)benzoate\"""", ""\""Methyl-2,2-dimethyl-8-(3'-methylbut-2'-enyl)chroman-6-carboxylate\"""", ""\""Methyl-8-hydroxy-2,2-dimethylchroman-6-carboxylate\"""", ""\""Methyl taboganate; Methyl 4-hydroxy-3-(3'-methyl-1'-oxo-2'-butenyl)benzoate\"""", ""\""Methyl-8-(ethanoyloxy)-2,2-dimethyl-2H-chromene-6-carboxylate\"""", ""\""Methyl-2,2-dimethylchroman-6-carboxylate\"""", ""\""Methyl 4-hydroxy-3-(3'-methyl-2'-hydroxy-3'-butenyl)benzoate\"""", ""\""Methyl 2,2-dimethyl-1-oxo-2H-1-benzopyran-6-carboxylate\"""", ""\""21\u03b1,25-dimethylmelianodiol\"""", ""\""Methyl-8-hydroxy-2,2-dimethyl-2H-chromene-6-carboxylate\"""", ""\""penduletin 4-O-methyl ether\"""", ""\""Dimethyl terephthalate\"""", ""\""Mangiferin\"""", ""\""Aduncumene; Methyl 2-methoxy-5-(3'-methyl-1'-oxo-2'-butenyl)benzoate\"""", ""\""21\u03b2,25-dimethylmelianodiol\"""", ""\""Austdiol diacetate\"""", ""\""Ethyl 2,4-dihydroxy-5,6-dimethylbenzoate\"""", ""\""8-methoxymellein\"""", ""\""Methyl (3R,4R,5R)-3-{[(2Z)-3-(3,4-dihydroxyphenyl)-2-propenoyl]oxy}-1,4,5-trihydroxycyclohexanecarboxylate\"""", ""\""Methyl (3R,4R,5R)-3-{[(2E)-3-(3,4-dihydroxyphenyl)-2-propenoyl]oxy}-1,4,5-trihydroxycyclohexanecarboxylate\"""", ""\""Benzylhydroxymethyl sulphide\"""", ""\""Isobutyl gallate\"""", ""\""21\u00b4-(3,4-Methylenedioxyphenyl)-henicosanoic acid\"""", ""\""n-Pentyl gallate\"""", ""\""(2S)-Methyl-8-isopentyl-2-methyl-2-(4'-methylpentyl)chroman-6-carboxylate\"""", ""\""Mycoleptone A tetraacetate\"""", ""\""(2S)-Methyl-2-methyl-8-(3\""-methylbut-2\""-enyl)-2-(4'-methylpent-3'-enyl)-2H-chromene-6-carboxylate\"""", ""\""6\u03b2-hydroxy-7-epigardoside methyl ester\"""", ""\""3',4'-methylenedioxy-5,5',6,7-tetramethoxyflavone\"""", ""\""(R)-7-Hydroxymellein\"""", ""\""4-Hydroxymellein\"""", ""\""Chlorogenic acid methyl ester, Methyl (1S,3R,4R,5R)-3-{[(2E)-3-(3,4-dihydroxyphenyl)-2-propenoyl]oxy}-1,4,5-trihydroxycyclohexanecarboxylate\"""", ""\""3',4'-methylenedioxy-5,6,7- trimethoxyflavone\"""", ""\""Amentoflavone 7\u201d,4\u201d\u2019-dimethyl ether\"""", ""\""2-Methyl-4-hydroxy-butyl caffeoate\"""", ""\""2-(R)-Methyl-6-(S)-(tetradecyl-13'-one)-3(R)-O-tert-butyldimethylsilyl-piperidine\"""", ""\""3,7,4-O-trimethylkaempferol\"""", ""\""n-Butyl gallate\"""", ""\""3',4'-methylenedioxy-5,7-dimethoxyflavone\"""", ""\""24-methylene-3,22-dihydroxycholesterol\"""", ""\""Di(benzyltrithio) methane\"""", ""\""n-Propyl gallate\"""", ""\""6-methoxyeugenin\"""", ""\""2-Hexyl-3-methyl-butanodioic acid\"""", ""\""(3R,4R)-4,7-Dihydroxymellein\"""", ""\""Myrsinoic acid A, 3-Geranyl-4-hydroxy-5-(3'',3''-dimethylallyl)benzoic acid\""""]]","doi_name"
"[""10.1016/j.phytol.2010.11.003"", ""(3R,4R)-4,7-Dihydroxymellein""]","[""10.1016/j.phytol.2010.11.003"", [""\""(3R,4R)-4,7-Dihydroxymellein\"""", ""\""(R)-7-Hydroxymellein\"""", ""\""4-Hydroxymellein\"""", ""\""(3R,4R)-3,4-Dihydro-4,6-dihydroxy-3-methyl-1-oxo-1H-isochromene-5-carboxylic acid\"""", ""\""(4R)-4,8-dihydroxy-\u03b1-tetralone\"""", ""\""5-hydroxymellein\"""", ""\""8-methoxymellein\"""", ""\""Rel-(7R,8S,7'S,8'S)-4-hydroxy-4',5'-methylenedioxy-3,5,3'-trimethoxy-7,7'-epoxylignan\"""", ""\""Rel-(7R,8S,7'S,8'S)-9-hydroxy-4',5'-methylenedioxy-3,4,5,3'-tetramethoxy-7,7'-epoxylignan\"""", ""\""2',6'-Dihydroxy-4'-methoxydihydrochalcone\"""", ""\""3,4-dihydro-3,5,8-trihydroxy-6-methoxy-2,2,7-trimethyl-2Hpyrano[ 2,3-a]acridin-12(7H)-one\"""", ""\""(3-(2-(4-hydroxyphenyl)-2-oxoethyl)-5,6-dihydropyridin- 2(1H)-one)\"""", ""\""Rel-(7R,8S,7'S,8'S)-4',5'-methylenedioxy-3,4,5,3'-tetramethoxy-7,7'-epoxylignan\"""", ""\""Rel-(+)-(7S,9R,10S)-3,9,12-trihydroxycalamenene\"""", ""\""3,4-dimethyl-2-(4'-hydroxy-3',5'-dimethoxyphenyl)-5-methoxy-tetrahydrofuran\"""", ""\""Rel-(7R,8S,7'S,8'S)-4'-hydroxy-3,4,5,3',5'-pentamethoxy-7,7'-epoxylignan\"""", ""\""3',4'-methylenedioxy-5,5',6,7-tetramethoxyflavone\"""", ""\""1-[3-(3,7-dimethylocta-2,6-dien-1-yl)-2,4,6- trihydroxyphenyl]-3-(4-hydroxyphenyl)propan-1-one\"""", ""\""3',4'-methylenedioxy-5,7-dimethoxyflavone\"""", ""\""7,4'-Dihydroxyflavone\"""", ""\""8-hydroxy-3,5,7,3',4',5'-hexamethoxyflavonol\"""", ""\""3,7,4-O-trimethylkaempferol\"""", ""\""7-hydroxy-3- (11-dimethylallyl)-8-methoxycoumarin\"""", ""\""Methyl (3R,4R,5R)-3-{[(2Z)-3-(3,4-dihydroxyphenyl)-2-propenoyl]oxy}-1,4,5-trihydroxycyclohexanecarboxylate\"""", ""\""Methyl (3R,4R,5R)-3-{[(2E)-3-(3,4-dihydroxyphenyl)-2-propenoyl]oxy}-1,4,5-trihydroxycyclohexanecarboxylate\"""", ""\""1,3,5-trihydroxy-4-methoxy-10-methyl- 2,8-bis(3-methylbut-2-enyl)acridin-9(10H)-one\"""", ""\""7,4'-Dimethoxyflavone\"""", ""\""2,3-dihydro-4,9-dihydroxy-2-(2-hydroxy-propan-2-yl)- 11-methoxy-10-methylfuro[3,2-b]acridin-5(10H)-one\"""", ""\""7-Methoxydiderroside\"""", ""\""Rel-(7R,8S,7'S,8'S)-4,5,4',5'-dimethylenedioxy-3,3'-dimethoxy-7,7'-epoxylignan\"""", ""\""Rel. (+)-(7S,10S) 3,12-dihydroxycalamenene\"""", ""\""1,4-Dihydroxy-2-(3',7'-dimethyl-1'-oxo-2'-E-6'-octadienyl)benzene\"""", ""\""1,2-dihydro- 3\u03b2-hydroxy-7-deacetoxy-7-oxogedunin\"""", ""\""2',5-dihydroxy-3-methoxy-8-dimethylallyl-6, 7-(2' ',2''-dimethylpyrano)-dihydroflavonol\"""", ""\""3',4'-methylenedioxy-5,6,7- trimethoxyflavone\"""", ""\""3-(3',7 '-dimethyl-2',6 '-octadienyl)-4-methoxy-benzoic acid\"""", ""\""3,5,6,7,3',4',5'-heptamethoxyflavonol\"""", ""\""1- (5,7-dihydroxy-2,2-dimethylchroman-6-yl)-3-(2,2-dimethylchroman- 6-yl)propan-1-one\"""", ""\""1,3,5-trihydroxy- 2,8-bis(3-methylbut-2-enyl)-10-methyl-9-acridone\"""", ""\""1-(5,7-dihydroxy-2,2-dimethylchroman-6-yl)-3-(1,1,4a-trimethyl-2,3,4,4a,9a-hexahydro-1H-xanthen-7-yl)propan-1-one\"""", ""\""5-(3'' -Hydroxypropyl)-7-methoxy-2-(3',4' -methyl-enedioxyphenyl)benzofuran\"""", ""\""17-(3,4-Methylenedioxyphenyl)-heptadecanoic acid\"""", ""\""2\u03b1,3\u03b1-dihydroxyolean-12- en-28-oic acid\"""", ""\""Methyl 6,7,8-trimethoxydihydrocinnamate\"""", ""\""2'-hydroxy-3,4,4'-trimethoxy-5',6'-(2'',2''-dimethylpyrano)-chalcone\"""", ""\""2,4-Dihydroxy-6-[(1'E,3'E)-penta-1', 3'-dienyl]-benzaldehyde\"""", ""\""3,12-Dihydroxycadalene\"""", ""\""3,3-O-dimethylquercetin\"""", ""\""3',4',5',3,5,7,8-heptamethoxyflavone\"""", ""\""2\u03b1,3\u03b1-Dihydroxy-urs-12-en-28-oic acid\""""]]","doi_name"
"[""10.1016/j.phytol.2010.11.003"", ""(R)-7-Hydroxymellein""]","[""10.1016/j.phytol.2010.11.003"", [""\""(3R,4R)-4,7-Dihydroxymellein\"""", ""\""(R)-7-Hydroxymellein\"""", ""\""4-Hydroxymellein\"""", ""\""(3R,4R)-3,4-Dihydro-4,6-dihydroxy-3-methyl-1-oxo-1H-isochromene-5-carboxylic acid\"""", ""\""(4R)-4,8-dihydroxy-\u03b1-tetralone\"""", ""\""5-hydroxymellein\"""", ""\""8-methoxymellein\"""", ""\""Rel-(7R,8S,7'S,8'S)-4-hydroxy-4',5'-methylenedioxy-3,5,3'-trimethoxy-7,7'-epoxylignan\"""", ""\""Rel-(7R,8S,7'S,8'S)-9-hydroxy-4',5'-methylenedioxy-3,4,5,3'-tetramethoxy-7,7'-epoxylignan\"""", ""\""2',6'-Dihydroxy-4'-methoxydihydrochalcone\"""", ""\""3,4-dihydro-3,5,8-trihydroxy-6-methoxy-2,2,7-trimethyl-2Hpyrano[ 2,3-a]acridin-12(7H)-one\"""", ""\""(3-(2-(4-hydroxyphenyl)-2-oxoethyl)-5,6-dihydropyridin- 2(1H)-one)\"""", ""\""Rel-(7R,8S,7'S,8'S)-4',5'-methylenedioxy-3,4,5,3'-tetramethoxy-7,7'-epoxylignan\"""", ""\""Rel-(+)-(7S,9R,10S)-3,9,12-trihydroxycalamenene\"""", ""\""3,4-dimethyl-2-(4'-hydroxy-3',5'-dimethoxyphenyl)-5-methoxy-tetrahydrofuran\"""", ""\""Rel-(7R,8S,7'S,8'S)-4'-hydroxy-3,4,5,3',5'-pentamethoxy-7,7'-epoxylignan\"""", ""\""3',4'-methylenedioxy-5,5',6,7-tetramethoxyflavone\"""", ""\""1-[3-(3,7-dimethylocta-2,6-dien-1-yl)-2,4,6- trihydroxyphenyl]-3-(4-hydroxyphenyl)propan-1-one\"""", ""\""3',4'-methylenedioxy-5,7-dimethoxyflavone\"""", ""\""7,4'-Dihydroxyflavone\"""", ""\""8-hydroxy-3,5,7,3',4',5'-hexamethoxyflavonol\"""", ""\""3,7,4-O-trimethylkaempferol\"""", ""\""7-hydroxy-3- (11-dimethylallyl)-8-methoxycoumarin\"""", ""\""Methyl (3R,4R,5R)-3-{[(2Z)-3-(3,4-dihydroxyphenyl)-2-propenoyl]oxy}-1,4,5-trihydroxycyclohexanecarboxylate\"""", ""\""Methyl (3R,4R,5R)-3-{[(2E)-3-(3,4-dihydroxyphenyl)-2-propenoyl]oxy}-1,4,5-trihydroxycyclohexanecarboxylate\"""", ""\""1,3,5-trihydroxy-4-methoxy-10-methyl- 2,8-bis(3-methylbut-2-enyl)acridin-9(10H)-one\"""", ""\""7,4'-Dimethoxyflavone\"""", ""\""2,3-dihydro-4,9-dihydroxy-2-(2-hydroxy-propan-2-yl)- 11-methoxy-10-methylfuro[3,2-b]acridin-5(10H)-one\"""", ""\""7-Methoxydiderroside\"""", ""\""Rel-(7R,8S,7'S,8'S)-4,5,4',5'-dimethylenedioxy-3,3'-dimethoxy-7,7'-epoxylignan\"""", ""\""Rel. (+)-(7S,10S) 3,12-dihydroxycalamenene\"""", ""\""1,4-Dihydroxy-2-(3',7'-dimethyl-1'-oxo-2'-E-6'-octadienyl)benzene\"""", ""\""1,2-dihydro- 3\u03b2-hydroxy-7-deacetoxy-7-oxogedunin\"""", ""\""2',5-dihydroxy-3-methoxy-8-dimethylallyl-6, 7-(2' ',2''-dimethylpyrano)-dihydroflavonol\"""", ""\""3',4'-methylenedioxy-5,6,7- trimethoxyflavone\"""", ""\""3-(3',7 '-dimethyl-2',6 '-octadienyl)-4-methoxy-benzoic acid\"""", ""\""3,5,6,7,3',4',5'-heptamethoxyflavonol\"""", ""\""1- (5,7-dihydroxy-2,2-dimethylchroman-6-yl)-3-(2,2-dimethylchroman- 6-yl)propan-1-one\"""", ""\""1,3,5-trihydroxy- 2,8-bis(3-methylbut-2-enyl)-10-methyl-9-acridone\"""", ""\""1-(5,7-dihydroxy-2,2-dimethylchroman-6-yl)-3-(1,1,4a-trimethyl-2,3,4,4a,9a-hexahydro-1H-xanthen-7-yl)propan-1-one\"""", ""\""5-(3'' -Hydroxypropyl)-7-methoxy-2-(3',4' -methyl-enedioxyphenyl)benzofuran\"""", ""\""17-(3,4-Methylenedioxyphenyl)-heptadecanoic acid\"""", ""\""2\u03b1,3\u03b1-dihydroxyolean-12- en-28-oic acid\"""", ""\""Methyl 6,7,8-trimethoxydihydrocinnamate\"""", ""\""2'-hydroxy-3,4,4'-trimethoxy-5',6'-(2'',2''-dimethylpyrano)-chalcone\"""", ""\""2,4-Dihydroxy-6-[(1'E,3'E)-penta-1', 3'-dienyl]-benzaldehyde\"""", ""\""3,12-Dihydroxycadalene\"""", ""\""3,3-O-dimethylquercetin\"""", ""\""3',4',5',3,5,7,8-heptamethoxyflavone\"""", ""\""2\u03b1,3\u03b1-Dihydroxy-urs-12-en-28-oic acid\""""]]","doi_name"
"[""10.1016/j.phytol.2010.11.003"", ""(3R,4R)-3,4-Dihydro-4,6-dihydroxy-3-methyl-1-oxo-1H-isochromene-5-carboxylic acid""]","[""10.1016/j.phytol.2010.11.003"", [""\""(3R,4R)-4,7-Dihydroxymellein\"""", ""\""(R)-7-Hydroxymellein\"""", ""\""4-Hydroxymellein\"""", ""\""(3R,4R)-3,4-Dihydro-4,6-dihydroxy-3-methyl-1-oxo-1H-isochromene-5-carboxylic acid\"""", ""\""(4R)-4,8-dihydroxy-\u03b1-tetralone\"""", ""\""5-hydroxymellein\"""", ""\""8-methoxymellein\"""", ""\""Rel-(7R,8S,7'S,8'S)-4-hydroxy-4',5'-methylenedioxy-3,5,3'-trimethoxy-7,7'-epoxylignan\"""", ""\""Rel-(7R,8S,7'S,8'S)-9-hydroxy-4',5'-methylenedioxy-3,4,5,3'-tetramethoxy-7,7'-epoxylignan\"""", ""\""2',6'-Dihydroxy-4'-methoxydihydrochalcone\"""", ""\""3,4-dihydro-3,5,8-trihydroxy-6-methoxy-2,2,7-trimethyl-2Hpyrano[ 2,3-a]acridin-12(7H)-one\"""", ""\""(3-(2-(4-hydroxyphenyl)-2-oxoethyl)-5,6-dihydropyridin- 2(1H)-one)\"""", ""\""Rel-(7R,8S,7'S,8'S)-4',5'-methylenedioxy-3,4,5,3'-tetramethoxy-7,7'-epoxylignan\"""", ""\""Rel-(+)-(7S,9R,10S)-3,9,12-trihydroxycalamenene\"""", ""\""3,4-dimethyl-2-(4'-hydroxy-3',5'-dimethoxyphenyl)-5-methoxy-tetrahydrofuran\"""", ""\""Rel-(7R,8S,7'S,8'S)-4'-hydroxy-3,4,5,3',5'-pentamethoxy-7,7'-epoxylignan\"""", ""\""3',4'-methylenedioxy-5,5',6,7-tetramethoxyflavone\"""", ""\""1-[3-(3,7-dimethylocta-2,6-dien-1-yl)-2,4,6- trihydroxyphenyl]-3-(4-hydroxyphenyl)propan-1-one\"""", ""\""3',4'-methylenedioxy-5,7-dimethoxyflavone\"""", ""\""7,4'-Dihydroxyflavone\"""", ""\""8-hydroxy-3,5,7,3',4',5'-hexamethoxyflavonol\"""", ""\""3,7,4-O-trimethylkaempferol\"""", ""\""7-hydroxy-3- (11-dimethylallyl)-8-methoxycoumarin\"""", ""\""Methyl (3R,4R,5R)-3-{[(2Z)-3-(3,4-dihydroxyphenyl)-2-propenoyl]oxy}-1,4,5-trihydroxycyclohexanecarboxylate\"""", ""\""Methyl (3R,4R,5R)-3-{[(2E)-3-(3,4-dihydroxyphenyl)-2-propenoyl]oxy}-1,4,5-trihydroxycyclohexanecarboxylate\"""", ""\""1,3,5-trihydroxy-4-methoxy-10-methyl- 2,8-bis(3-methylbut-2-enyl)acridin-9(10H)-one\"""", ""\""7,4'-Dimethoxyflavone\"""", ""\""2,3-dihydro-4,9-dihydroxy-2-(2-hydroxy-propan-2-yl)- 11-methoxy-10-methylfuro[3,2-b]acridin-5(10H)-one\"""", ""\""7-Methoxydiderroside\"""", ""\""Rel-(7R,8S,7'S,8'S)-4,5,4',5'-dimethylenedioxy-3,3'-dimethoxy-7,7'-epoxylignan\"""", ""\""Rel. (+)-(7S,10S) 3,12-dihydroxycalamenene\"""", ""\""1,4-Dihydroxy-2-(3',7'-dimethyl-1'-oxo-2'-E-6'-octadienyl)benzene\"""", ""\""1,2-dihydro- 3\u03b2-hydroxy-7-deacetoxy-7-oxogedunin\"""", ""\""2',5-dihydroxy-3-methoxy-8-dimethylallyl-6, 7-(2' ',2''-dimethylpyrano)-dihydroflavonol\"""", ""\""3',4'-methylenedioxy-5,6,7- trimethoxyflavone\"""", ""\""3-(3',7 '-dimethyl-2',6 '-octadienyl)-4-methoxy-benzoic acid\"""", ""\""3,5,6,7,3',4',5'-heptamethoxyflavonol\"""", ""\""1- (5,7-dihydroxy-2,2-dimethylchroman-6-yl)-3-(2,2-dimethylchroman- 6-yl)propan-1-one\"""", ""\""1,3,5-trihydroxy- 2,8-bis(3-methylbut-2-enyl)-10-methyl-9-acridone\"""", ""\""1-(5,7-dihydroxy-2,2-dimethylchroman-6-yl)-3-(1,1,4a-trimethyl-2,3,4,4a,9a-hexahydro-1H-xanthen-7-yl)propan-1-one\"""", ""\""5-(3'' -Hydroxypropyl)-7-methoxy-2-(3',4' -methyl-enedioxyphenyl)benzofuran\"""", ""\""17-(3,4-Methylenedioxyphenyl)-heptadecanoic acid\"""", ""\""2\u03b1,3\u03b1-dihydroxyolean-12- en-28-oic acid\"""", ""\""Methyl 6,7,8-trimethoxydihydrocinnamate\"""", ""\""2'-hydroxy-3,4,4'-trimethoxy-5',6'-(2'',2''-dimethylpyrano)-chalcone\"""", ""\""2,4-Dihydroxy-6-[(1'E,3'E)-penta-1', 3'-dienyl]-benzaldehyde\"""", ""\""3,12-Dihydroxycadalene\"""", ""\""3,3-O-dimethylquercetin\"""", ""\""3',4',5',3,5,7,8-heptamethoxyflavone\"""", ""\""2\u03b1,3\u03b1-Dihydroxy-urs-12-en-28-oic acid\""""]]","doi_name"
"[""10.1016/S0014-5793(02)02700-X"", ""Chalepin""]","[""10.1016/S0014-5793(02)02700-X"", [""\""Chalepin\"""", ""\""(E)-piplartine\"""", ""\""Canavaline\"""", ""\""Pellitorine\"""", ""\""Pedalitin\"""", ""\""Burchellin\"""", ""\""Platydesmine\"""", ""\""Salacin\"""", ""\""Plumericin\"""", ""\""Piperine\"""", ""\""Maytenin, Tingenone\"""", ""\""Xanthyletin\"""", ""\""Ourateacatechin\"""", ""\""atalaphyllinine\"""", ""\""Pentaol\"""", ""\""Ocotillone\"""", ""\""Casearin T\"""", ""\""Chrysoeriol\"""", ""\""Cognatine\"""", ""\""Hinesol\"""", ""\""Galioside\"""", ""\""toonacilin\"""", ""\""Leptomerine\"""", ""\""Piperol B\"""", ""\""Pyranofoline\"""", ""\""Teucrein\"""", ""\""Clusifoliol\"""", ""\""Photogedunin\"""", ""\""guaiol\"""", ""\""Haplotusine\"""", ""\""n-Pentyl gallate\"""", ""\""Casearin S\"""", ""\""Beauvericin\"""", ""\""Skimmianine\"""", ""\""Piperovatine\"""", ""\""fraxinellonone\"""", ""\""Procyanidin B-3\"""", ""\""Citibrasine\"""", ""\""2-n-Pentylquinoline\"""", ""\""p-Coumaric acid\"""", ""\""Galioside aglicone\"""", ""\""Turbinatine\"""", ""\""Egonol\"""", ""\""Cytochalasin D\"""", ""\""2-Episesalatin\"""", ""\""Epi-guaiacin\"""", ""\""Leptophyllin A\"""", ""\""acacetin\"""", ""\""fraxinellone\"""", ""\""Cabraleadiol\""""]]","doi_name"
"[""10.1016/S0031-9422(00)00225-9"", ""5-[3''-(\u03b2-D-glucopyranosyloxy)propyl]-7-methoxy-2-(3',4'-methylenedioxyphenyl)benzofuran""]","[""10.1016/S0031-9422(00)00225-9"", [""\""5-(3'' -Hydroxypropyl)-7-methoxy-2-(3',4' -methyl-enedioxyphenyl)benzofuran\"""", ""\""5-[3''-(\u03b2-D-glucopyranosyloxy)propyl]-7-methoxy-2-(3',4'-dimethoxyphenyl)benzofuran\"""", ""\""5-[3''-(\u03b2-D-glucopyranosyloxy)propyl]-7-methoxy-2-(3',4'-methylenedioxyphenyl)benzofuran\"""", ""\""5,7-dimethoxy-2,2-dimethyl-2H-1-benzopyran-6-propanoate\"""", ""\""5,7-dimethoxy-2,2-dimethyl-2H-1-benzopyran-6-propanoic acid\"""", ""\""3-(3',7 '-dimethyl-2',6 '-octadienyl)-4-methoxy-benzoic acid\"""", ""\""2-Methyl-5-methoxy-benzopyran-4-one\"""", ""\""4-Hydroxy-3-(3',7'-dimethyl-3'-hydroxy-1'-oxo-6'-octenyl)benzoic acid\"""", ""\""(2'S)-2-(propan-2'-ol)-5-hydroxy-benzopyran-4-one\"""", ""\""1-(5,7-dihydroxy-2,2-dimethylchroman- 6-yl)-3-[4-hydroxy-3-(3-methylbut-2-en-1-yl)- phenyl]propan-1-one\"""", ""\""4-Hydroxy-(3',7'-dimethyl-1'-oxo-octa-2'-Z-6'-dienyl)benzoic acid\"""", ""\""4-Hydroxy-3-(3',7'-dimethylocta-2'-E-6'-dienyl)benzoic acid\"""", ""\""4-Hydroxy-(3',7'-dimethyl-1'-oxo-octa-2'-E-6'-dienyl)benzoic acid\"""", ""\""4-Methoxy-3-(3',7'-dimethylocta-2'-E-6'-dienyl)benzoic acid\"""", ""\""1,4-Dihydroxy-2-(3',7'-dimethyl-1'-oxo-2'-E-6'-octadienyl)benzene\"""", ""\""3,4-dimethyl-2-(4'-hydroxy-3',5'-dimethoxyphenyl)-5-methoxy-tetrahydrofuran\"""", ""\""1-[3-(3,7-dimethylocta-2,6-dien-1-yl)-2,4,6- trihydroxyphenyl]-3-(4-hydroxyphenyl)propan-1-one\"""", ""\""1- (5,7-dihydroxy-2,2-dimethylchroman-6-yl)-3-(2,2-dimethylchroman- 6-yl)propan-1-one\"""", ""\""2,4-Dihydroxy-6-[(1'E,3'E)-penta-1', 3'-dienyl]-benzaldehyde\"""", ""\""1-(5,7-dihydroxy-2,2-dimethylchroman-6-yl)-3-(1,1,4a-trimethyl-2,3,4,4a,9a-hexahydro-1H-xanthen-7-yl)propan-1-one\"""", ""\""Methyl 2,2-dimethyl-1-oxo-2H-1-benzopyran-6-carboxylate\"""", ""\""1,3,5-trihydroxy-4-methoxy-10-methyl- 2,8-bis(3-methylbut-2-enyl)acridin-9(10H)-one\"""", ""\""Methyl 4-hydroxy-3-(3'-methyl-2'-hydroxy-3'-butenyl)benzoate\"""", ""\""(3-(2-(4-hydroxyphenyl)-2-oxoethyl)-5,6-dihydropyridin- 2(1H)-one)\"""", ""\""1,3,5-trihydroxy- 2,8-bis(3-methylbut-2-enyl)-10-methyl-9-acridone\"""", ""\""Methyl 4-hydroxy-3-(3'-methyl-2'-butenyl)benzoate\"""", ""\""Methyl (3R,4R,5R)-3-{[(2Z)-3-(3,4-dihydroxyphenyl)-2-propenoyl]oxy}-1,4,5-trihydroxycyclohexanecarboxylate\"""", ""\""Methyl (3R,4R,5R)-3-{[(2E)-3-(3,4-dihydroxyphenyl)-2-propenoyl]oxy}-1,4,5-trihydroxycyclohexanecarboxylate\"""", ""\""N-[3-(6'-methoxy-3',4'-methy-lenedioxyphenyl)-2(Z)-propenoyl]pyrrolidine\"""", ""\""2,3-dihydro-4,9-dihydroxy-2-(2-hydroxy-propan-2-yl)- 11-methoxy-10-methylfuro[3,2-b]acridin-5(10H)-one\"""", ""\""3',4'-methylenedioxy-5,7-dimethoxyflavone\"""", ""\""3,4,5-trimethoxyphenyl 1-O-\u03b2-D-apiofuranosyl-(1\u21926)-O-\u03b2-D-glucopyranoside\"""", ""\""3,4-dihydro-3,5,8-trihydroxy-6-methoxy-2,2,7-trimethyl-2Hpyrano[ 2,3-a]acridin-12(7H)-one\"""", ""\""3,4,5-Trimethoxyphenyl-1-O-\u03b2-D-(5-O-syringoyl)-apiofuranosyl-(1\u21926)-\u03b2-D-glucopyranoside\"""", ""\""2-(2'-O-benzoyl)-C-\u03b2-D-glucopyranosyl-1,3,6,7-tetrahydroxyxanthone\"""", ""\""3',4'-methylenedioxy-5,5',6,7-tetramethoxyflavone\"""", ""\""17-(3,4-Methylenedioxyphenyl)-heptadecanoic acid\"""", ""\""2',5-dihydroxy-3-methoxy-8-dimethylallyl-6, 7-(2' ',2''-dimethylpyrano)-dihydroflavonol\"""", ""\""Ethyl 2,4-dihydroxy-5,6-dimethylbenzoate\"""", ""\""3',4'-methylenedioxy-5,6,7- trimethoxyflavone\"""", ""\""2-(3',4'-methylenedioxyphenylethyl)-Quinoline\"""", ""\""N-[7-(3',4'-methylenedioxyphenyl)-2(Z),4(Z)-heptadienoyl]pyrrolidine\"""", ""\""N-[10- (13,14-methylenedioxyphenyl)-7(E)-pentaenoyl]-pyrrolidine\"""", ""\""Methyl taboganate; Methyl 4-hydroxy-3-(3'-methyl-1'-oxo-2'-butenyl)benzoate\"""", ""\""2'-hydroxy-3,4,4'-trimethoxy-5',6'-(2'',2''-dimethylpyrano)-chalcone\"""", ""\""3',4',5',5,7-pentamethoxyflavone\"""", ""\""1-methoxy-3-hydroxy-3,10b-4,5a-diepoxy-8b-isobutyroyloxygermacr-11(13)-en-6a,12-olide\"""", ""\""(3Z,5Z)-N-isobutyl-8-(30,40-methylenedioxy-phenyl)-heptadienamide\"""", ""\""7-hydroxy-3- (11-dimethylallyl)-8-methoxycoumarin\"""", ""\""Hostmaniene; 4-Hydroxy-3-(2',3'-dihydroxy-3'-methylbutyl)benzoate\""""]]","doi_name"
"[""10.1016/S0031-9422(00)00225-9"", ""5-(3'' -Hydroxypropyl)-7-methoxy-2-(3',4' -methyl-enedioxyphenyl)benzofuran""]","[""10.1016/S0031-9422(00)00225-9"", [""\""5-(3'' -Hydroxypropyl)-7-methoxy-2-(3',4' -methyl-enedioxyphenyl)benzofuran\"""", ""\""5-[3''-(\u03b2-D-glucopyranosyloxy)propyl]-7-methoxy-2-(3',4'-dimethoxyphenyl)benzofuran\"""", ""\""5-[3''-(\u03b2-D-glucopyranosyloxy)propyl]-7-methoxy-2-(3',4'-methylenedioxyphenyl)benzofuran\"""", ""\""5,7-dimethoxy-2,2-dimethyl-2H-1-benzopyran-6-propanoate\"""", ""\""5,7-dimethoxy-2,2-dimethyl-2H-1-benzopyran-6-propanoic acid\"""", ""\""3-(3',7 '-dimethyl-2',6 '-octadienyl)-4-methoxy-benzoic acid\"""", ""\""2-Methyl-5-methoxy-benzopyran-4-one\"""", ""\""4-Hydroxy-3-(3',7'-dimethyl-3'-hydroxy-1'-oxo-6'-octenyl)benzoic acid\"""", ""\""(2'S)-2-(propan-2'-ol)-5-hydroxy-benzopyran-4-one\"""", ""\""1-(5,7-dihydroxy-2,2-dimethylchroman- 6-yl)-3-[4-hydroxy-3-(3-methylbut-2-en-1-yl)- phenyl]propan-1-one\"""", ""\""4-Hydroxy-(3',7'-dimethyl-1'-oxo-octa-2'-Z-6'-dienyl)benzoic acid\"""", ""\""4-Hydroxy-3-(3',7'-dimethylocta-2'-E-6'-dienyl)benzoic acid\"""", ""\""4-Hydroxy-(3',7'-dimethyl-1'-oxo-octa-2'-E-6'-dienyl)benzoic acid\"""", ""\""4-Methoxy-3-(3',7'-dimethylocta-2'-E-6'-dienyl)benzoic acid\"""", ""\""1,4-Dihydroxy-2-(3',7'-dimethyl-1'-oxo-2'-E-6'-octadienyl)benzene\"""", ""\""3,4-dimethyl-2-(4'-hydroxy-3',5'-dimethoxyphenyl)-5-methoxy-tetrahydrofuran\"""", ""\""1-[3-(3,7-dimethylocta-2,6-dien-1-yl)-2,4,6- trihydroxyphenyl]-3-(4-hydroxyphenyl)propan-1-one\"""", ""\""1- (5,7-dihydroxy-2,2-dimethylchroman-6-yl)-3-(2,2-dimethylchroman- 6-yl)propan-1-one\"""", ""\""2,4-Dihydroxy-6-[(1'E,3'E)-penta-1', 3'-dienyl]-benzaldehyde\"""", ""\""1-(5,7-dihydroxy-2,2-dimethylchroman-6-yl)-3-(1,1,4a-trimethyl-2,3,4,4a,9a-hexahydro-1H-xanthen-7-yl)propan-1-one\"""", ""\""Methyl 2,2-dimethyl-1-oxo-2H-1-benzopyran-6-carboxylate\"""", ""\""1,3,5-trihydroxy-4-methoxy-10-methyl- 2,8-bis(3-methylbut-2-enyl)acridin-9(10H)-one\"""", ""\""Methyl 4-hydroxy-3-(3'-methyl-2'-hydroxy-3'-butenyl)benzoate\"""", ""\""(3-(2-(4-hydroxyphenyl)-2-oxoethyl)-5,6-dihydropyridin- 2(1H)-one)\"""", ""\""1,3,5-trihydroxy- 2,8-bis(3-methylbut-2-enyl)-10-methyl-9-acridone\"""", ""\""Methyl 4-hydroxy-3-(3'-methyl-2'-butenyl)benzoate\"""", ""\""Methyl (3R,4R,5R)-3-{[(2Z)-3-(3,4-dihydroxyphenyl)-2-propenoyl]oxy}-1,4,5-trihydroxycyclohexanecarboxylate\"""", ""\""Methyl (3R,4R,5R)-3-{[(2E)-3-(3,4-dihydroxyphenyl)-2-propenoyl]oxy}-1,4,5-trihydroxycyclohexanecarboxylate\"""", ""\""N-[3-(6'-methoxy-3',4'-methy-lenedioxyphenyl)-2(Z)-propenoyl]pyrrolidine\"""", ""\""2,3-dihydro-4,9-dihydroxy-2-(2-hydroxy-propan-2-yl)- 11-methoxy-10-methylfuro[3,2-b]acridin-5(10H)-one\"""", ""\""3',4'-methylenedioxy-5,7-dimethoxyflavone\"""", ""\""3,4,5-trimethoxyphenyl 1-O-\u03b2-D-apiofuranosyl-(1\u21926)-O-\u03b2-D-glucopyranoside\"""", ""\""3,4-dihydro-3,5,8-trihydroxy-6-methoxy-2,2,7-trimethyl-2Hpyrano[ 2,3-a]acridin-12(7H)-one\"""", ""\""3,4,5-Trimethoxyphenyl-1-O-\u03b2-D-(5-O-syringoyl)-apiofuranosyl-(1\u21926)-\u03b2-D-glucopyranoside\"""", ""\""2-(2'-O-benzoyl)-C-\u03b2-D-glucopyranosyl-1,3,6,7-tetrahydroxyxanthone\"""", ""\""3',4'-methylenedioxy-5,5',6,7-tetramethoxyflavone\"""", ""\""17-(3,4-Methylenedioxyphenyl)-heptadecanoic acid\"""", ""\""2',5-dihydroxy-3-methoxy-8-dimethylallyl-6, 7-(2' ',2''-dimethylpyrano)-dihydroflavonol\"""", ""\""Ethyl 2,4-dihydroxy-5,6-dimethylbenzoate\"""", ""\""3',4'-methylenedioxy-5,6,7- trimethoxyflavone\"""", ""\""2-(3',4'-methylenedioxyphenylethyl)-Quinoline\"""", ""\""N-[7-(3',4'-methylenedioxyphenyl)-2(Z),4(Z)-heptadienoyl]pyrrolidine\"""", ""\""N-[10- (13,14-methylenedioxyphenyl)-7(E)-pentaenoyl]-pyrrolidine\"""", ""\""Methyl taboganate; Methyl 4-hydroxy-3-(3'-methyl-1'-oxo-2'-butenyl)benzoate\"""", ""\""2'-hydroxy-3,4,4'-trimethoxy-5',6'-(2'',2''-dimethylpyrano)-chalcone\"""", ""\""3',4',5',5,7-pentamethoxyflavone\"""", ""\""1-methoxy-3-hydroxy-3,10b-4,5a-diepoxy-8b-isobutyroyloxygermacr-11(13)-en-6a,12-olide\"""", ""\""(3Z,5Z)-N-isobutyl-8-(30,40-methylenedioxy-phenyl)-heptadienamide\"""", ""\""7-hydroxy-3- (11-dimethylallyl)-8-methoxycoumarin\"""", ""\""Hostmaniene; 4-Hydroxy-3-(2',3'-dihydroxy-3'-methylbutyl)benzoate\""""]]","doi_name"
"[""10.1016/S0031-9422(00)00225-9"", ""5-[3''-(\u03b2-D-glucopyranosyloxy)propyl]-7-methoxy-2-(3',4'-dimethoxyphenyl)benzofuran""]","[""10.1016/S0031-9422(00)00225-9"", [""\""5-(3'' -Hydroxypropyl)-7-methoxy-2-(3',4' -methyl-enedioxyphenyl)benzofuran\"""", ""\""5-[3''-(\u03b2-D-glucopyranosyloxy)propyl]-7-methoxy-2-(3',4'-dimethoxyphenyl)benzofuran\"""", ""\""5-[3''-(\u03b2-D-glucopyranosyloxy)propyl]-7-methoxy-2-(3',4'-methylenedioxyphenyl)benzofuran\"""", ""\""5,7-dimethoxy-2,2-dimethyl-2H-1-benzopyran-6-propanoate\"""", ""\""5,7-dimethoxy-2,2-dimethyl-2H-1-benzopyran-6-propanoic acid\"""", ""\""3-(3',7 '-dimethyl-2',6 '-octadienyl)-4-methoxy-benzoic acid\"""", ""\""2-Methyl-5-methoxy-benzopyran-4-one\"""", ""\""4-Hydroxy-3-(3',7'-dimethyl-3'-hydroxy-1'-oxo-6'-octenyl)benzoic acid\"""", ""\""(2'S)-2-(propan-2'-ol)-5-hydroxy-benzopyran-4-one\"""", ""\""1-(5,7-dihydroxy-2,2-dimethylchroman- 6-yl)-3-[4-hydroxy-3-(3-methylbut-2-en-1-yl)- phenyl]propan-1-one\"""", ""\""4-Hydroxy-(3',7'-dimethyl-1'-oxo-octa-2'-Z-6'-dienyl)benzoic acid\"""", ""\""4-Hydroxy-3-(3',7'-dimethylocta-2'-E-6'-dienyl)benzoic acid\"""", ""\""4-Hydroxy-(3',7'-dimethyl-1'-oxo-octa-2'-E-6'-dienyl)benzoic acid\"""", ""\""4-Methoxy-3-(3',7'-dimethylocta-2'-E-6'-dienyl)benzoic acid\"""", ""\""1,4-Dihydroxy-2-(3',7'-dimethyl-1'-oxo-2'-E-6'-octadienyl)benzene\"""", ""\""3,4-dimethyl-2-(4'-hydroxy-3',5'-dimethoxyphenyl)-5-methoxy-tetrahydrofuran\"""", ""\""1-[3-(3,7-dimethylocta-2,6-dien-1-yl)-2,4,6- trihydroxyphenyl]-3-(4-hydroxyphenyl)propan-1-one\"""", ""\""1- (5,7-dihydroxy-2,2-dimethylchroman-6-yl)-3-(2,2-dimethylchroman- 6-yl)propan-1-one\"""", ""\""2,4-Dihydroxy-6-[(1'E,3'E)-penta-1', 3'-dienyl]-benzaldehyde\"""", ""\""1-(5,7-dihydroxy-2,2-dimethylchroman-6-yl)-3-(1,1,4a-trimethyl-2,3,4,4a,9a-hexahydro-1H-xanthen-7-yl)propan-1-one\"""", ""\""Methyl 2,2-dimethyl-1-oxo-2H-1-benzopyran-6-carboxylate\"""", ""\""1,3,5-trihydroxy-4-methoxy-10-methyl- 2,8-bis(3-methylbut-2-enyl)acridin-9(10H)-one\"""", ""\""Methyl 4-hydroxy-3-(3'-methyl-2'-hydroxy-3'-butenyl)benzoate\"""", ""\""(3-(2-(4-hydroxyphenyl)-2-oxoethyl)-5,6-dihydropyridin- 2(1H)-one)\"""", ""\""1,3,5-trihydroxy- 2,8-bis(3-methylbut-2-enyl)-10-methyl-9-acridone\"""", ""\""Methyl 4-hydroxy-3-(3'-methyl-2'-butenyl)benzoate\"""", ""\""Methyl (3R,4R,5R)-3-{[(2Z)-3-(3,4-dihydroxyphenyl)-2-propenoyl]oxy}-1,4,5-trihydroxycyclohexanecarboxylate\"""", ""\""Methyl (3R,4R,5R)-3-{[(2E)-3-(3,4-dihydroxyphenyl)-2-propenoyl]oxy}-1,4,5-trihydroxycyclohexanecarboxylate\"""", ""\""N-[3-(6'-methoxy-3',4'-methy-lenedioxyphenyl)-2(Z)-propenoyl]pyrrolidine\"""", ""\""2,3-dihydro-4,9-dihydroxy-2-(2-hydroxy-propan-2-yl)- 11-methoxy-10-methylfuro[3,2-b]acridin-5(10H)-one\"""", ""\""3',4'-methylenedioxy-5,7-dimethoxyflavone\"""", ""\""3,4,5-trimethoxyphenyl 1-O-\u03b2-D-apiofuranosyl-(1\u21926)-O-\u03b2-D-glucopyranoside\"""", ""\""3,4-dihydro-3,5,8-trihydroxy-6-methoxy-2,2,7-trimethyl-2Hpyrano[ 2,3-a]acridin-12(7H)-one\"""", ""\""3,4,5-Trimethoxyphenyl-1-O-\u03b2-D-(5-O-syringoyl)-apiofuranosyl-(1\u21926)-\u03b2-D-glucopyranoside\"""", ""\""2-(2'-O-benzoyl)-C-\u03b2-D-glucopyranosyl-1,3,6,7-tetrahydroxyxanthone\"""", ""\""3',4'-methylenedioxy-5,5',6,7-tetramethoxyflavone\"""", ""\""17-(3,4-Methylenedioxyphenyl)-heptadecanoic acid\"""", ""\""2',5-dihydroxy-3-methoxy-8-dimethylallyl-6, 7-(2' ',2''-dimethylpyrano)-dihydroflavonol\"""", ""\""Ethyl 2,4-dihydroxy-5,6-dimethylbenzoate\"""", ""\""3',4'-methylenedioxy-5,6,7- trimethoxyflavone\"""", ""\""2-(3',4'-methylenedioxyphenylethyl)-Quinoline\"""", ""\""N-[7-(3',4'-methylenedioxyphenyl)-2(Z),4(Z)-heptadienoyl]pyrrolidine\"""", ""\""N-[10- (13,14-methylenedioxyphenyl)-7(E)-pentaenoyl]-pyrrolidine\"""", ""\""Methyl taboganate; Methyl 4-hydroxy-3-(3'-methyl-1'-oxo-2'-butenyl)benzoate\"""", ""\""2'-hydroxy-3,4,4'-trimethoxy-5',6'-(2'',2''-dimethylpyrano)-chalcone\"""", ""\""3',4',5',5,7-pentamethoxyflavone\"""", ""\""1-methoxy-3-hydroxy-3,10b-4,5a-diepoxy-8b-isobutyroyloxygermacr-11(13)-en-6a,12-olide\"""", ""\""(3Z,5Z)-N-isobutyl-8-(30,40-methylenedioxy-phenyl)-heptadienamide\"""", ""\""7-hydroxy-3- (11-dimethylallyl)-8-methoxycoumarin\"""", ""\""Hostmaniene; 4-Hydroxy-3-(2',3'-dihydroxy-3'-methylbutyl)benzoate\""""]]","doi_name"
"[""10.1016/S0031-9422(00)00248-X"", ""2'-hydroxy-3,4,4'-trimethoxy-5',6'-(2'',2''-dimethylpyrano)-chalcone""]","[""10.1016/S0031-9422(00)00248-X"", [""\""2'-hydroxy-3,4,4'-trimethoxy-5',6'-(2'',2''-dimethylpyrano)-chalcone\"""", ""\""2',6'-Dihydroxy-4'-methoxydihydrochalcone\"""", ""\""2',5-dihydroxy-3-methoxy-8-dimethylallyl-6, 7-(2' ',2''-dimethylpyrano)-dihydroflavonol\"""", ""\""3,4-dihydro-3,5,8-trihydroxy-6-methoxy-2,2,7-trimethyl-2Hpyrano[ 2,3-a]acridin-12(7H)-one\"""", ""\""3',4'-methylenedioxy-5,5',6,7-tetramethoxyflavone\"""", ""\""1-(5,7-dihydroxy-2,2-dimethylchroman-6-yl)-3-(1,1,4a-trimethyl-2,3,4,4a,9a-hexahydro-1H-xanthen-7-yl)propan-1-one\"""", ""\""1- (5,7-dihydroxy-2,2-dimethylchroman-6-yl)-3-(2,2-dimethylchroman- 6-yl)propan-1-one\"""", ""\""1-(5,7-dihydroxy-2,2-dimethylchroman- 6-yl)-3-[4-hydroxy-3-(3-methylbut-2-en-1-yl)- phenyl]propan-1-one\"""", ""\""8-hydroxy-3,5,7,3',4',5'-hexamethoxyflavonol\"""", ""\""3',4'-methylenedioxy-5,6,7- trimethoxyflavone\"""", ""\""3',4',5',5,7-pentamethoxyflavone\"""", ""\""1-[3-(3,7-dimethylocta-2,6-dien-1-yl)-2,4,6- trihydroxyphenyl]-3-(4-hydroxyphenyl)propan-1-one\"""", ""\""3',4'-methylenedioxy-5,7-dimethoxyflavone\"""", ""\""3,4-dimethyl-2-(4'-hydroxy-3',5'-dimethoxyphenyl)-5-methoxy-tetrahydrofuran\"""", ""\""1,3,5-trihydroxy-4-methoxy-10-methyl- 2,8-bis(3-methylbut-2-enyl)acridin-9(10H)-one\"""", ""\""3,5,6,7,3',4',5'-heptamethoxyflavonol\"""", ""\""2,3-dihydro-4,9-dihydroxy-2-(2-hydroxy-propan-2-yl)- 11-methoxy-10-methylfuro[3,2-b]acridin-5(10H)-one\"""", ""\""2-(2'-O-benzoyl)-C-\u03b2-D-glucopyranosyl-1,3,6,7-tetrahydroxyxanthone\"""", ""\""2-(2'-O-trans-cinnamoyl)-C-\u03b2-D-glucopyranosyl-1,3,6,7-tetrahydroxyxanthone\"""", ""\""(3-(2-(4-hydroxyphenyl)-2-oxoethyl)-5,6-dihydropyridin- 2(1H)-one)\"""", ""\""N-[7-(3',4'-methylenedioxyphenyl)-2(Z),4(Z)-heptadienoyl]pyrrolidine\"""", ""\""3',4',5',3,5,7,8-heptamethoxyflavone\"""", ""\""7,4'-Dimethoxyflavone\"""", ""\""Methyl-8-hydroxy-2,2-dimethyl-2H-chromene-6-carboxylate\"""", ""\""5,7-dimethoxy-2,2-dimethyl-2H-1-benzopyran-6-propanoate\"""", ""\""3,4,5-Trimethoxyphenyl-1-O-\u03b2-D-(5-O-syringoyl)-apiofuranosyl-(1\u21926)-\u03b2-D-glucopyranoside\"""", ""\""3',4',5',5,7,8-hexamethoxyflavone\"""", ""\""2-(2'-O-transcoumaroyl)-C-\u03b2-D-glucopyranosyl-1,3,6,7-tetrahydroxyxanthone\"""", ""\""5,7-dimethoxy-2,2-dimethyl-2H-1-benzopyran-6-propanoic acid\"""", ""\""Methyl-8-(ethanoyloxy)-2,2-dimethyl-2H-chromene-6-carboxylate\"""", ""\""N-[3-(6'-methoxy-3',4'-methy-lenedioxyphenyl)-2(Z)-propenoyl]pyrrolidine\"""", ""\""2-(2'-O-trans-caffeoyl)-C-\u03b2-D-glucopyranosyl-1,3,6,7-tetrahydroxyxanthone\"""", ""\""1,3,5-trihydroxy- 2,8-bis(3-methylbut-2-enyl)-10-methyl-9-acridone\"""", ""\""7,4'-Dihydroxyflavone\"""", ""\""N-[10-(13,14-methylenedioxyphenyl)-7(E),9(Z)-pentadienoyl]-pyrrolidine\"""", ""\""3,4,5-trimethoxyphenyl 1-O-\u03b2-D-apiofuranosyl-(1\u21926)-O-\u03b2-D-glucopyranoside\"""", ""\""Methyl-8-hydroxy-2,2-dimethylchroman-6-carboxylate\"""", ""\""5-(3'' -Hydroxypropyl)-7-methoxy-2-(3',4' -methyl-enedioxyphenyl)benzofuran\"""", ""\""Tetrahydropiperyline, N-[10-(13,14-methylenedioxyphenyl)-pentanoyl]-pyrrolidine\"""", ""\""N-[10- (13,14-methylenedioxyphenyl)-7(E)-pentaenoyl]-pyrrolidine\"""", ""\""1,2-dihydro- 3\u03b2-hydroxy-7-deacetoxy-7-oxogedunin\"""", ""\""2-Methyl-5-methoxy-benzopyran-4-one\"""", ""\""2-oxo-piperol B; (7S*, 8R*, 1R*, 3R*)-3,4,5-trimethoxy-3,7-cyclo-8,1-neolig-8-ene-2,4(3H)-dione\"""", ""\""8-hydroxy-6-methoxy-3-methylisocoumarin\"""", ""\""3-(3',7 '-dimethyl-2',6 '-octadienyl)-4-methoxy-benzoic acid\"""", ""\""Methyl-2,2-dimethyl-8-(3'-methylbut-2'-enyl)chroman-6-carboxylate\"""", ""\""8,9-dihydropiplartine; N-(12,13,14-trimethoxydihydrocinnamoyl)-\u03943-pyridin-2-one\"""", ""\""2,2-dimethyl-2H-chromene-6-carboxylic acid\"""", ""\""7-Methyl-sargachromenol; 2,7,8-Trimethyl-2-[(3-E,7-Z)-4,12-dimethyl-8-carboxyl-3,7,11-tridecatrienyl]-3-chromen-6-ol, \u03b2-caroteno\"""", ""\""(3R,4R)-4,7-Dihydroxymellein\""""]]","doi_name"
"[""10.1016/S0031-9422(00)00248-X"", ""3',4'-methylenedioxy-5,5',6,7-tetramethoxyflavone""]","[""10.1016/S0031-9422(00)00248-X"", [""\""2'-hydroxy-3,4,4'-trimethoxy-5',6'-(2'',2''-dimethylpyrano)-chalcone\"""", ""\""2',6'-Dihydroxy-4'-methoxydihydrochalcone\"""", ""\""2',5-dihydroxy-3-methoxy-8-dimethylallyl-6, 7-(2' ',2''-dimethylpyrano)-dihydroflavonol\"""", ""\""3,4-dihydro-3,5,8-trihydroxy-6-methoxy-2,2,7-trimethyl-2Hpyrano[ 2,3-a]acridin-12(7H)-one\"""", ""\""3',4'-methylenedioxy-5,5',6,7-tetramethoxyflavone\"""", ""\""1- (5,7-dihydroxy-2,2-dimethylchroman-6-yl)-3-(2,2-dimethylchroman- 6-yl)propan-1-one\"""", ""\""1-(5,7-dihydroxy-2,2-dimethylchroman-6-yl)-3-(1,1,4a-trimethyl-2,3,4,4a,9a-hexahydro-1H-xanthen-7-yl)propan-1-one\"""", ""\""1-(5,7-dihydroxy-2,2-dimethylchroman- 6-yl)-3-[4-hydroxy-3-(3-methylbut-2-en-1-yl)- phenyl]propan-1-one\"""", ""\""8-hydroxy-3,5,7,3',4',5'-hexamethoxyflavonol\"""", ""\""3',4',5',5,7-pentamethoxyflavone\"""", ""\""3',4'-methylenedioxy-5,6,7- trimethoxyflavone\"""", ""\""3',4'-methylenedioxy-5,7-dimethoxyflavone\"""", ""\""1-[3-(3,7-dimethylocta-2,6-dien-1-yl)-2,4,6- trihydroxyphenyl]-3-(4-hydroxyphenyl)propan-1-one\"""", ""\""1,3,5-trihydroxy-4-methoxy-10-methyl- 2,8-bis(3-methylbut-2-enyl)acridin-9(10H)-one\"""", ""\""2-(2'-O-benzoyl)-C-\u03b2-D-glucopyranosyl-1,3,6,7-tetrahydroxyxanthone\"""", ""\""2-(2'-O-trans-cinnamoyl)-C-\u03b2-D-glucopyranosyl-1,3,6,7-tetrahydroxyxanthone\"""", ""\""7,4'-Dimethoxyflavone\"""", ""\""5,7-dimethoxy-2,2-dimethyl-2H-1-benzopyran-6-propanoate\"""", ""\""2,3-dihydro-4,9-dihydroxy-2-(2-hydroxy-propan-2-yl)- 11-methoxy-10-methylfuro[3,2-b]acridin-5(10H)-one\"""", ""\""3,5,6,7,3',4',5'-heptamethoxyflavonol\"""", ""\""N-[7-(3',4'-methylenedioxyphenyl)-2(Z),4(Z)-heptadienoyl]pyrrolidine\"""", ""\""3',4',5',3,5,7,8-heptamethoxyflavone\"""", ""\""(3-(2-(4-hydroxyphenyl)-2-oxoethyl)-5,6-dihydropyridin- 2(1H)-one)\"""", ""\""3,4-dimethyl-2-(4'-hydroxy-3',5'-dimethoxyphenyl)-5-methoxy-tetrahydrofuran\"""", ""\""2-(2'-O-transcoumaroyl)-C-\u03b2-D-glucopyranosyl-1,3,6,7-tetrahydroxyxanthone\"""", ""\""Methyl-8-hydroxy-2,2-dimethyl-2H-chromene-6-carboxylate\"""", ""\""5,7-dimethoxy-2,2-dimethyl-2H-1-benzopyran-6-propanoic acid\"""", ""\""3',4',5',5,7,8-hexamethoxyflavone\"""", ""\""7,4'-Dihydroxyflavone\"""", ""\""2-(2'-O-trans-caffeoyl)-C-\u03b2-D-glucopyranosyl-1,3,6,7-tetrahydroxyxanthone\"""", ""\""Methyl-8-(ethanoyloxy)-2,2-dimethyl-2H-chromene-6-carboxylate\"""", ""\""N-[3-(6'-methoxy-3',4'-methy-lenedioxyphenyl)-2(Z)-propenoyl]pyrrolidine\"""", ""\""Methyl-8-hydroxy-2,2-dimethylchroman-6-carboxylate\"""", ""\""3,4,5-Trimethoxyphenyl-1-O-\u03b2-D-(5-O-syringoyl)-apiofuranosyl-(1\u21926)-\u03b2-D-glucopyranoside\"""", ""\""1,3,5-trihydroxy- 2,8-bis(3-methylbut-2-enyl)-10-methyl-9-acridone\"""", ""\""N-[10-(13,14-methylenedioxyphenyl)-7(E),9(Z)-pentadienoyl]-pyrrolidine\"""", ""\""5-(3'' -Hydroxypropyl)-7-methoxy-2-(3',4' -methyl-enedioxyphenyl)benzofuran\"""", ""\""2-Methyl-5-methoxy-benzopyran-4-one\"""", ""\""8-hydroxy-6-methoxy-3-methylisocoumarin\"""", ""\""3-(3',7 '-dimethyl-2',6 '-octadienyl)-4-methoxy-benzoic acid\"""", ""\""N-[10- (13,14-methylenedioxyphenyl)-7(E)-pentaenoyl]-pyrrolidine\"""", ""\""1,2-dihydro- 3\u03b2-hydroxy-7-deacetoxy-7-oxogedunin\"""", ""\""Tetrahydropiperyline, N-[10-(13,14-methylenedioxyphenyl)-pentanoyl]-pyrrolidine\"""", ""\""2,2-dimethyl-2H-chromene-6-carboxylic acid\"""", ""\""3,4,5-trimethoxyphenyl 1-O-\u03b2-D-apiofuranosyl-(1\u21926)-O-\u03b2-D-glucopyranoside\"""", ""\""2-phenyl-4H-chromen-4-one\"""", ""\""8,9-dihydropiplartine; N-(12,13,14-trimethoxydihydrocinnamoyl)-\u03943-pyridin-2-one\"""", ""\""22-hydroxytirucalla-7,24-diene-2,3-dione\"""", ""\""Methyl 6,7,8-trimethoxydihydrocinnamate\"""", ""\""Methyl-2,2-dimethyl-8-(3'-methylbut-2'-enyl)chroman-6-carboxylate\""""]]","doi_name"
"[""10.1016/S0031-9422(00)00248-X"", ""3',4'-methylenedioxy-5,6,7- trimethoxyflavone""]","[""10.1016/S0031-9422(00)00248-X"", [""\""2'-hydroxy-3,4,4'-trimethoxy-5',6'-(2'',2''-dimethylpyrano)-chalcone\"""", ""\""2',6'-Dihydroxy-4'-methoxydihydrochalcone\"""", ""\""2',5-dihydroxy-3-methoxy-8-dimethylallyl-6, 7-(2' ',2''-dimethylpyrano)-dihydroflavonol\"""", ""\""3,4-dihydro-3,5,8-trihydroxy-6-methoxy-2,2,7-trimethyl-2Hpyrano[ 2,3-a]acridin-12(7H)-one\"""", ""\""3',4'-methylenedioxy-5,5',6,7-tetramethoxyflavone\"""", ""\""1- (5,7-dihydroxy-2,2-dimethylchroman-6-yl)-3-(2,2-dimethylchroman- 6-yl)propan-1-one\"""", ""\""1-(5,7-dihydroxy-2,2-dimethylchroman-6-yl)-3-(1,1,4a-trimethyl-2,3,4,4a,9a-hexahydro-1H-xanthen-7-yl)propan-1-one\"""", ""\""1-(5,7-dihydroxy-2,2-dimethylchroman- 6-yl)-3-[4-hydroxy-3-(3-methylbut-2-en-1-yl)- phenyl]propan-1-one\"""", ""\""8-hydroxy-3,5,7,3',4',5'-hexamethoxyflavonol\"""", ""\""3',4',5',5,7-pentamethoxyflavone\"""", ""\""3',4'-methylenedioxy-5,6,7- trimethoxyflavone\"""", ""\""3',4'-methylenedioxy-5,7-dimethoxyflavone\"""", ""\""1-[3-(3,7-dimethylocta-2,6-dien-1-yl)-2,4,6- trihydroxyphenyl]-3-(4-hydroxyphenyl)propan-1-one\"""", ""\""1,3,5-trihydroxy-4-methoxy-10-methyl- 2,8-bis(3-methylbut-2-enyl)acridin-9(10H)-one\"""", ""\""2-(2'-O-benzoyl)-C-\u03b2-D-glucopyranosyl-1,3,6,7-tetrahydroxyxanthone\"""", ""\""2-(2'-O-trans-cinnamoyl)-C-\u03b2-D-glucopyranosyl-1,3,6,7-tetrahydroxyxanthone\"""", ""\""7,4'-Dimethoxyflavone\"""", ""\""5,7-dimethoxy-2,2-dimethyl-2H-1-benzopyran-6-propanoate\"""", ""\""2,3-dihydro-4,9-dihydroxy-2-(2-hydroxy-propan-2-yl)- 11-methoxy-10-methylfuro[3,2-b]acridin-5(10H)-one\"""", ""\""3,5,6,7,3',4',5'-heptamethoxyflavonol\"""", ""\""N-[7-(3',4'-methylenedioxyphenyl)-2(Z),4(Z)-heptadienoyl]pyrrolidine\"""", ""\""3',4',5',3,5,7,8-heptamethoxyflavone\"""", ""\""(3-(2-(4-hydroxyphenyl)-2-oxoethyl)-5,6-dihydropyridin- 2(1H)-one)\"""", ""\""3,4-dimethyl-2-(4'-hydroxy-3',5'-dimethoxyphenyl)-5-methoxy-tetrahydrofuran\"""", ""\""2-(2'-O-transcoumaroyl)-C-\u03b2-D-glucopyranosyl-1,3,6,7-tetrahydroxyxanthone\"""", ""\""Methyl-8-hydroxy-2,2-dimethyl-2H-chromene-6-carboxylate\"""", ""\""5,7-dimethoxy-2,2-dimethyl-2H-1-benzopyran-6-propanoic acid\"""", ""\""3',4',5',5,7,8-hexamethoxyflavone\"""", ""\""7,4'-Dihydroxyflavone\"""", ""\""2-(2'-O-trans-caffeoyl)-C-\u03b2-D-glucopyranosyl-1,3,6,7-tetrahydroxyxanthone\"""", ""\""Methyl-8-(ethanoyloxy)-2,2-dimethyl-2H-chromene-6-carboxylate\"""", ""\""N-[3-(6'-methoxy-3',4'-methy-lenedioxyphenyl)-2(Z)-propenoyl]pyrrolidine\"""", ""\""Methyl-8-hydroxy-2,2-dimethylchroman-6-carboxylate\"""", ""\""3,4,5-Trimethoxyphenyl-1-O-\u03b2-D-(5-O-syringoyl)-apiofuranosyl-(1\u21926)-\u03b2-D-glucopyranoside\"""", ""\""1,3,5-trihydroxy- 2,8-bis(3-methylbut-2-enyl)-10-methyl-9-acridone\"""", ""\""N-[10-(13,14-methylenedioxyphenyl)-7(E),9(Z)-pentadienoyl]-pyrrolidine\"""", ""\""5-(3'' -Hydroxypropyl)-7-methoxy-2-(3',4' -methyl-enedioxyphenyl)benzofuran\"""", ""\""2-Methyl-5-methoxy-benzopyran-4-one\"""", ""\""8-hydroxy-6-methoxy-3-methylisocoumarin\"""", ""\""3-(3',7 '-dimethyl-2',6 '-octadienyl)-4-methoxy-benzoic acid\"""", ""\""N-[10- (13,14-methylenedioxyphenyl)-7(E)-pentaenoyl]-pyrrolidine\"""", ""\""1,2-dihydro- 3\u03b2-hydroxy-7-deacetoxy-7-oxogedunin\"""", ""\""Tetrahydropiperyline, N-[10-(13,14-methylenedioxyphenyl)-pentanoyl]-pyrrolidine\"""", ""\""2,2-dimethyl-2H-chromene-6-carboxylic acid\"""", ""\""3,4,5-trimethoxyphenyl 1-O-\u03b2-D-apiofuranosyl-(1\u21926)-O-\u03b2-D-glucopyranoside\"""", ""\""2-phenyl-4H-chromen-4-one\"""", ""\""8,9-dihydropiplartine; N-(12,13,14-trimethoxydihydrocinnamoyl)-\u03943-pyridin-2-one\"""", ""\""22-hydroxytirucalla-7,24-diene-2,3-dione\"""", ""\""Methyl 6,7,8-trimethoxydihydrocinnamate\"""", ""\""Methyl-2,2-dimethyl-8-(3'-methylbut-2'-enyl)chroman-6-carboxylate\""""]]","doi_name"
"[""10.1016/S0031-9422(00)00323-X"", ""Picramnioside F""]","[""10.1016/S0031-9422(00)00323-X"", [""\""Mayoside C\"""", ""\""Ixoside\"""", ""\""Maculosidine\"""", ""\""Nitensidine C\"""", ""\""carlinoside\"""", ""\""Tagitinin C\"""", ""\""Apodanthoside\"""", ""\""Citrusinine-II\"""", ""\""Diderroside\"""", ""\""Casearupestrin C\"""", ""\""Citrusinine-I\"""", ""\""Citibrasine\"""", ""\""Heveaflavone\"""", ""\""citrusinine-I\"""", ""\""Quercetin 3-O-sophoroside\"""", ""\""Picramnioside F\"""", ""\""Cytochalasin D\"""", ""\""Procyanidin B-3\"""", ""\""schaftoside\"""", ""\""Mangiferin\"""", ""\""Quercetin\"""", ""\""acacetin\"""", ""\""Nitensidine B\"""", ""\""Muraxanthone\"""", ""\""Glycocitrine-IV\"""", ""\""Galioside\"""", ""\""Teucrein\"""", ""\""Ourateacatechin\"""", ""\""p-Coumaric acid\"""", ""\""Nitensoside A; Sorbifolin 6-O-\u03b1-rhamnopyranosyl(1'''\u21926'')-\u03b2-glucopyranoside\"""", ""\""Glycocitrine-I\"""", ""\""Nitensidine A\"""", ""\""Nitensidine D\"""", ""\""Isosakuranetin; 5,7-dihydroxy-4'-methoxyflavanone\"""", ""\""Caseobliquin A\"""", ""\""Kaempferol-3-O-D-glucopyranoside\"""", ""\""1-O-(E)-caffeoyl-\u03b2-D-glucopyranoside\"""", ""\""Nitensoside B; Pedalitin 6-O-\u03b1-rhamnopyranosyl(1'''\u21926'')-\u03b2-glucopyranoside\"""", ""\""Epi-guaiacin\"""", ""\""Casearin T\"""", ""\""Cordifoline\"""", ""\""Catechin, Ent-catechin\"""", ""\""Cuspanine; 1-hydroxy-2,3,5,6-tetramethoxy-9-acridone\"""", ""\""Farnisine\"""", ""\""Casearin S\"""", ""\""Methyl gallate\"""", ""\""Proanthocyanidin\"""", ""\""Isoswertisin-4'-methyl-ether-2''\u03b1-L-rhamnoside\"""", ""\""Methyl (E)-6,7,8-trimethoxycinnamate\"""", ""\""Nitensidine E\""""]]","doi_name"
"[""10.1016/S0031-9422(00)00477-5"", ""7-Methyl-sargachromenol; 2,7,8-Trimethyl-2-[(3-E,7-Z)-4,12-dimethyl-8-carboxyl-3,7,11-tridecatrienyl]-3-chromen-6-ol, \u03b2-caroteno""]","[""10.1016/S0031-9422(00)00477-5"", [""\""1,2-dihydro- 3\u03b2-hydroxy-7-deacetoxy-7-oxogedunin\"""", ""\""3,4-dihydro-3,5,8-trihydroxy-6-methoxy-2,2,7-trimethyl-2Hpyrano[ 2,3-a]acridin-12(7H)-one\"""", ""\""1-methoxy-3-hydroxy-3,10b-4,5a-diepoxy-8b-isobutyroyloxygermacr-11(13)-en-6a,12-olide\"""", ""\""Rel-(7R,8S,7'S,8'S)-9-hydroxy-4',5'-methylenedioxy-3,4,5,3'-tetramethoxy-7,7'-epoxylignan\"""", ""\""1,3,5-trihydroxy-4-methoxy-10-methyl- 2,8-bis(3-methylbut-2-enyl)acridin-9(10H)-one\"""", ""\""3,4-dimethyl-2-(4'-hydroxy-3',5'-dimethoxyphenyl)-5-methoxy-tetrahydrofuran\"""", ""\""(3R,4R)-3,4-Dihydro-4,6-dihydroxy-3-methyl-1-oxo-1H-isochromene-5-carboxylic acid\"""", ""\""2,3-dihydro-4,9-dihydroxy-2-(2-hydroxy-propan-2-yl)- 11-methoxy-10-methylfuro[3,2-b]acridin-5(10H)-one\"""", ""\""2',5-dihydroxy-3-methoxy-8-dimethylallyl-6, 7-(2' ',2''-dimethylpyrano)-dihydroflavonol\"""", ""\""3',4'-methylenedioxy-5,5',6,7-tetramethoxyflavone\"""", ""\""1-[3-(3,7-dimethylocta-2,6-dien-1-yl)-2,4,6- trihydroxyphenyl]-3-(4-hydroxyphenyl)propan-1-one\"""", ""\""Rel-(7R,8S,7'S,8'S)-4-hydroxy-4',5'-methylenedioxy-3,5,3'-trimethoxy-7,7'-epoxylignan\"""", ""\""1-(5,7-dihydroxy-2,2-dimethylchroman-6-yl)-3-(1,1,4a-trimethyl-2,3,4,4a,9a-hexahydro-1H-xanthen-7-yl)propan-1-one\"""", ""\""(-) Cis-4-hydroxy-6-deoxyscytalone\"""", ""\""7-hydroxy-3- (11-dimethylallyl)-8-methoxycoumarin\"""", ""\""4-Hydroxy-3-(3',7'-dimethyl-3'-hydroxy-1'-oxo-6'-octenyl)benzoic acid\"""", ""\""Methyl (3R,4R,5R)-3-{[(2Z)-3-(3,4-dihydroxyphenyl)-2-propenoyl]oxy}-1,4,5-trihydroxycyclohexanecarboxylate\"""", ""\""Methyl (3R,4R,5R)-3-{[(2E)-3-(3,4-dihydroxyphenyl)-2-propenoyl]oxy}-1,4,5-trihydroxycyclohexanecarboxylate\"""", ""\""2',6'-Dihydroxy-4'-methoxydihydrochalcone\"""", ""\""8-hydroxy-3,5,7,3',4',5'-hexamethoxyflavonol\"""", ""\""(3R,4R)-4,7-Dihydroxymellein\"""", ""\""(3-(2-(4-hydroxyphenyl)-2-oxoethyl)-5,6-dihydropyridin- 2(1H)-one)\"""", ""\""4-Hydroxy-(3',7'-dimethyl-1'-oxo-octa-2'-E-6'-dienyl)benzoic acid\"""", ""\""5-(3'' -Hydroxypropyl)-7-methoxy-2-(3',4' -methyl-enedioxyphenyl)benzofuran\"""", ""\""Rel-(7R,8S,7'S,8'S)-4',5'-methylenedioxy-3,4,5,3'-tetramethoxy-7,7'-epoxylignan\"""", ""\""3-(3',7 '-dimethyl-2',6 '-octadienyl)-4-methoxy-benzoic acid\"""", ""\""8-hydroxy-6-methoxy-3-methylisocoumarin\"""", ""\""3',4'-methylenedioxy-5,7-dimethoxyflavone\"""", ""\""1,3,5-trihydroxy- 2,8-bis(3-methylbut-2-enyl)-10-methyl-9-acridone\"""", ""\""4-Hydroxy-(3',7'-dimethyl-1'-oxo-octa-2'-Z-6'-dienyl)benzoic acid\"""", ""\""3',4'-methylenedioxy-5,6,7- trimethoxyflavone\"""", ""\""Rel-(7R,8S,7'S,8'S)-4'-hydroxy-3,4,5,3',5'-pentamethoxy-7,7'-epoxylignan\"""", ""\""2-(2'-O-transcoumaroyl)-C-\u03b2-D-glucopyranosyl-1,3,6,7-tetrahydroxyxanthone\"""", ""\""2'-hydroxy-3,4,4'-trimethoxy-5',6'-(2'',2''-dimethylpyrano)-chalcone\"""", ""\""4-Hydroxy-3-(3',7'-dimethylocta-2'-E-6'-dienyl)benzoic acid\"""", ""\""1-(5,7-dihydroxy-2,2-dimethylchroman- 6-yl)-3-[4-hydroxy-3-(3-methylbut-2-en-1-yl)- phenyl]propan-1-one\"""", ""\""5-[3''-(\u03b2-D-glucopyranosyloxy)propyl]-7-methoxy-2-(3',4'-methylenedioxyphenyl)benzofuran\"""", ""\""2-(2'-O-trans-caffeoyl)-C-\u03b2-D-glucopyranosyl-1,3,6,7-tetrahydroxyxanthone\"""", ""\""1- (5,7-dihydroxy-2,2-dimethylchroman-6-yl)-3-(2,2-dimethylchroman- 6-yl)propan-1-one\"""", ""\""3-O-\u03b2-D-(6\u2019-methyl)-glucopyranosyl-28-O-\u03b2-D-glucopyranosyl-oleanate\"""", ""\""2-(2'-O-benzoyl)-C-\u03b2-D-glucopyranosyl-1,3,6,7-tetrahydroxyxanthone\"""", ""\""3,4,5-trimethoxyphenyl 1-O-\u03b2-D-apiofuranosyl-(1\u21926)-O-\u03b2-D-glucopyranoside\"""", ""\""2-(2'-O-trans-cinnamoyl)-C-\u03b2-D-glucopyranosyl-1,3,6,7-tetrahydroxyxanthone\"""", ""\""1,4-Dihydroxy-2-(3',7'-dimethyl-1'-oxo-2'-E-6'-octadienyl)benzene\"""", ""\""5-[3''-(\u03b2-D-glucopyranosyloxy)propyl]-7-methoxy-2-(3',4'-dimethoxyphenyl)benzofuran\"""", ""\""4-Methoxy-3-(3',7'-dimethylocta-2'-E-6'-dienyl)benzoic acid\"""", ""\""6\u03b2-hydroxy-7-epigardoside methyl ester\"""", ""\""3,4,5-Trimethoxyphenyl-1-O-\u03b2-D-(5-O-syringoyl)-apiofuranosyl-(1\u21926)-\u03b2-D-glucopyranoside\"""", ""\""5,7-dimethoxy-2,2-dimethyl-2H-1-benzopyran-6-propanoate\"""", ""\""12\u2032-hydroxy-7\u2032-multijuguinone\""""]]","doi_name"
"[""10.1016/S0031-9422(00)00477-5"", ""Verrucosin""]","[""10.1016/S0031-9422(00)00477-5"", [""\""2',6'-Dihydroxy-4'-methoxydihydrochalcone\"""", ""\""(-) Cis-4-hydroxy-6-deoxyscytalone\"""", ""\""3',4'-methylenedioxy-5,5',6,7-tetramethoxyflavone\"""", ""\""8-hydroxy-6-methoxy-3-methylisocoumarin\"""", ""\""3',4'-methylenedioxy-5,7-dimethoxyflavone\"""", ""\""6\u03b1-acetoxy-14\u03b2,15\u03b2-epoxyazadirone\"""", ""\""Methyl-8-hydroxy-2,2-dimethylchroman-6-carboxylate\"""", ""\""2'-hydroxy-3,4,4'-trimethoxy-5',6'-(2'',2''-dimethylpyrano)-chalcone\"""", ""\""3,4-dihydro-3,5,8-trihydroxy-6-methoxy-2,2,7-trimethyl-2Hpyrano[ 2,3-a]acridin-12(7H)-one\"""", ""\""6\u03b2-hydroxy-7-epigardoside methyl ester\"""", ""\""1,2-dihydro- 3\u03b2-hydroxy-7-deacetoxy-7-oxogedunin\"""", ""\""3',4'-methylenedioxy-5,6,7- trimethoxyflavone\"""", ""\""8-hydroxy-3,5,7,3',4',5'-hexamethoxyflavonol\"""", ""\""4-Hydroxy-(3',7'-dimethyl-1'-oxo-octa-2'-E-6'-dienyl)benzoic acid\"""", ""\""4-Methoxy-3-(3',7'-dimethylocta-2'-E-6'-dienyl)benzoic acid\"""", ""\""4-Hydroxy-(3',7'-dimethyl-1'-oxo-octa-2'-Z-6'-dienyl)benzoic acid\"""", ""\""Methyl-8-hydroxy-2,2-dimethyl-2H-chromene-6-carboxylate\"""", ""\""7-hydroxy-3- (11-dimethylallyl)-8-methoxycoumarin\"""", ""\""2',5-dihydroxy-3-methoxy-8-dimethylallyl-6, 7-(2' ',2''-dimethylpyrano)-dihydroflavonol\"""", ""\""8,9-dihydropiplartine; N-(12,13,14-trimethoxydihydrocinnamoyl)-\u03943-pyridin-2-one\"""", ""\""4-Hydroxy-3-(3',7'-dimethyl-3'-hydroxy-1'-oxo-6'-octenyl)benzoic acid\"""", ""\""3-(3',7 '-dimethyl-2',6 '-octadienyl)-4-methoxy-benzoic acid\"""", ""\""(3R,4R)-3,4-Dihydro-4,6-dihydroxy-3-methyl-1-oxo-1H-isochromene-5-carboxylic acid\"""", ""\""4-Hydroxy-3-(3',7'-dimethylocta-2'-E-6'-dienyl)benzoic acid\"""", ""\""Methyl-8-(ethanoyloxy)-2,2-dimethyl-2H-chromene-6-carboxylate\"""", ""\""3,4-dimethyl-2-(4'-hydroxy-3',5'-dimethoxyphenyl)-5-methoxy-tetrahydrofuran\"""", ""\""Methyl (3R,4R,5R)-3-{[(2Z)-3-(3,4-dihydroxyphenyl)-2-propenoyl]oxy}-1,4,5-trihydroxycyclohexanecarboxylate\"""", ""\""5,7-dimethoxy-2,2-dimethyl-2H-1-benzopyran-6-propanoic acid\"""", ""\""1,3,5-trihydroxy-4-methoxy-10-methyl- 2,8-bis(3-methylbut-2-enyl)acridin-9(10H)-one\"""", ""\""Methyl (3R,4R,5R)-3-{[(2E)-3-(3,4-dihydroxyphenyl)-2-propenoyl]oxy}-1,4,5-trihydroxycyclohexanecarboxylate\"""", ""\""Methyl 6,7,8-trimethoxydihydrocinnamate\"""", ""\""1-(5,7-dihydroxy-2,2-dimethylchroman-6-yl)-3-(1,1,4a-trimethyl-2,3,4,4a,9a-hexahydro-1H-xanthen-7-yl)propan-1-one\"""", ""\""1,4-Dihydroxy-2-(3',7'-dimethyl-1'-oxo-2'-E-6'-octadienyl)benzene\"""", ""\""5,7-dimethoxy-2,2-dimethyl-2H-1-benzopyran-6-propanoate\"""", ""\""(3R,4R)-4,7-Dihydroxymellein\"""", ""\""1-methoxy-3-hydroxy-3,10b-4,5a-diepoxy-8b-isobutyroyloxygermacr-11(13)-en-6a,12-olide\"""", ""\""2,3-dihydro-4,9-dihydroxy-2-(2-hydroxy-propan-2-yl)- 11-methoxy-10-methylfuro[3,2-b]acridin-5(10H)-one\"""", ""\""21\u00b4-(3,4-Methylenedioxyphenyl)-henicosanoic acid\"""", ""\""Rel-(7R,8S,7'S,8'S)-9-hydroxy-4',5'-methylenedioxy-3,4,5,3'-tetramethoxy-7,7'-epoxylignan\"""", ""\""1-[3-(3,7-dimethylocta-2,6-dien-1-yl)-2,4,6- trihydroxyphenyl]-3-(4-hydroxyphenyl)propan-1-one\"""", ""\""(4R)-4,8-dihydroxy-\u03b1-tetralone\"""", ""\""Rel-(7R,8S,7'S,8'S)-4',5'-methylenedioxy-3,4,5,3'-tetramethoxy-7,7'-epoxylignan\"""", ""\""6'-Acetyl-\u03b2-D-glucopyranosyldiderroside\"""", ""\""1- (5,7-dihydroxy-2,2-dimethylchroman-6-yl)-3-(2,2-dimethylchroman- 6-yl)propan-1-one\"""", ""\""Tetrahydropiperyline, N-[10-(13,14-methylenedioxyphenyl)-pentanoyl]-pyrrolidine\"""", ""\""3-O-\u03b2-D-(6\u2019-methyl)-glucopyranosyl-28-O-\u03b2-D-glucopyranosyl-oleanate\"""", ""\""(3-(2-(4-hydroxyphenyl)-2-oxoethyl)-5,6-dihydropyridin- 2(1H)-one)\"""", ""\""3,12-Dihydroxycadalene\"""", ""\""N-[10- (13,14-methylenedioxyphenyl)-7(E)-pentaenoyl]-pyrrolidine\"""", ""\""Methyl 2,2-dimethyl-1-oxo-2H-1-benzopyran-6-carboxylate\""""]]","doi_name"
"[""10.1016/S0031-9422(97)00598-0"", ""8-hydroxy-3,5,7,3',4',5'-hexamethoxyflavonol""]","[""10.1016/S0031-9422(97)00598-0"", [""\""3,5,6,7,3',4',5'-heptamethoxyflavonol\"""", ""\""3',4',5',5,7-pentamethoxyflavone\"""", ""\""3',4',5',3,5,7,8-heptamethoxyflavone\"""", ""\""3',4',5',5,7,8-hexamethoxyflavone\"""", ""\""8-hydroxy-3,5,7,3',4',5'-hexamethoxyflavonol\"""", ""\""3',4'-methylenedioxy-5,5',6,7-tetramethoxyflavone\"""", ""\""3',4'-methylenedioxy-5,6,7- trimethoxyflavone\"""", ""\""3',4'-methylenedioxy-5,7-dimethoxyflavone\"""", ""\""2',5-dihydroxy-3-methoxy-8-dimethylallyl-6, 7-(2' ',2''-dimethylpyrano)-dihydroflavonol\"""", ""\""7,4'-Dimethoxyflavone\"""", ""\""7,4'-Dihydroxyflavone\"""", ""\""5-hydroxyflavone\"""", ""\""3,4,5-trimethoxyphenyl 1-O-\u03b2-D-apiofuranosyl-(1\u21926)-O-\u03b2-D-glucopyranoside\"""", ""\""3,7,4-O-trimethylkaempferol\"""", ""\""2'-hydroxy-3,4,4'-trimethoxy-5',6'-(2'',2''-dimethylpyrano)-chalcone\"""", ""\""3,4,5-Trimethoxyphenyl-1-O-\u03b2-D-(5-O-syringoyl)-apiofuranosyl-(1\u21926)-\u03b2-D-glucopyranoside\"""", ""\""3,4,5-Trimethoxydihydrocinnamic acid\"""", ""\""2',6'-Dihydroxy-4'-methoxydihydrochalcone\"""", ""\""5-(3'' -Hydroxypropyl)-7-methoxy-2-(3',4' -methyl-enedioxyphenyl)benzofuran\"""", ""\""3,4-dihydro-3,5,8-trihydroxy-6-methoxy-2,2,7-trimethyl-2Hpyrano[ 2,3-a]acridin-12(7H)-one\"""", ""\""1-(5,7-dihydroxy-2,2-dimethylchroman-6-yl)-3-(1,1,4a-trimethyl-2,3,4,4a,9a-hexahydro-1H-xanthen-7-yl)propan-1-one\"""", ""\""1-[3-(3,7-dimethylocta-2,6-dien-1-yl)-2,4,6- trihydroxyphenyl]-3-(4-hydroxyphenyl)propan-1-one\"""", ""\""1,3,5-trihydroxy-4-methoxy-10-methyl- 2,8-bis(3-methylbut-2-enyl)acridin-9(10H)-one\"""", ""\""1-(5,7-dihydroxy-2,2-dimethylchroman- 6-yl)-3-[4-hydroxy-3-(3-methylbut-2-en-1-yl)- phenyl]propan-1-one\"""", ""\""Sakuranetin; 5,4'-dihydroxy-7-methoxyflavanone\"""", ""\""Isosakuranetin; 5,7-dihydroxy-4'-methoxyflavanone\"""", ""\""1- (5,7-dihydroxy-2,2-dimethylchroman-6-yl)-3-(2,2-dimethylchroman- 6-yl)propan-1-one\"""", ""\""3,3-O-dimethylquercetin\"""", ""\""7-Hydroxy-4',6-dimethoxyisoflavone; Afrormosin; Afromosin\"""", ""\""5-[3''-(\u03b2-D-glucopyranosyloxy)propyl]-7-methoxy-2-(3',4'-dimethoxyphenyl)benzofuran\"""", ""\""5,7-dimethoxy-2,2-dimethyl-2H-1-benzopyran-6-propanoic acid\"""", ""\""5,7-dimethoxy-2,2-dimethyl-2H-1-benzopyran-6-propanoate\"""", ""\""3,4-dimethyl-2-(4'-hydroxy-3',5'-dimethoxyphenyl)-5-methoxy-tetrahydrofuran\"""", ""\""5-[3''-(\u03b2-D-glucopyranosyloxy)propyl]-7-methoxy-2-(3',4'-methylenedioxyphenyl)benzofuran\"""", ""\""7-hydroxy-3- (11-dimethylallyl)-8-methoxycoumarin\"""", ""\""3-(3',7 '-dimethyl-2',6 '-octadienyl)-4-methoxy-benzoic acid\"""", ""\""(3R,4R)-4,7-Dihydroxymellein\"""", ""\""1,3,5-trihydroxy- 2,8-bis(3-methylbut-2-enyl)-10-methyl-9-acridone\"""", ""\""1,2-dihydro- 3\u03b2-hydroxy-7-deacetoxy-7-oxogedunin\"""", ""\""8-hydroxy-6-methoxy-3-methylisocoumarin\"""", ""\""Kaempferol-3-O-\u03b1-L-rhamnopyranosyl-(1-6)-\u03b1-L-rhamnopyranosyl-(1-4)-\u03b2-D-glucopyranoside\"""", ""\""2,3-dihydro-4,9-dihydroxy-2-(2-hydroxy-propan-2-yl)- 11-methoxy-10-methylfuro[3,2-b]acridin-5(10H)-one\"""", ""\""17-(3,4-Methylenedioxyphenyl)-heptadecanoic acid\"""", ""\""Rel-(7R,8S,7'S,8'S)-4'-hydroxy-3,4,5,3',5'-pentamethoxy-7,7'-epoxylignan\"""", ""\""7-Methoxydiderroside\"""", ""\""5-hydroxymellein\"""", ""\""Methyl 6,7,8-trimethoxydihydrocinnamate\"""", ""\""3-O-\u03b2-D-(6\u2019-methyl)-glucopyranosyl-28-O-\u03b2-D-glucopyranosyl-oleanate\"""", ""\""2-(2'-O-benzoyl)-C-\u03b2-D-glucopyranosyl-1,3,6,7-tetrahydroxyxanthone\"""", ""\""5-hydroxy-N-methylseverifoline\""""]]","doi_name"
"[""10.1016/S0031-9422(98)00069-7"", ""3-Acetyl aleuritolic acid""]","[""10.1016/S0031-9422(98)00069-7"", [""\""2\u03b1,3\u03b1,19\u03b1- trihydroxyurs-12-en-28-oic acid\"""", ""\""17-(3,4-Methylenedioxyphenyl)-heptadecanoic acid\"""", ""\""2\u03b1,3\u03b1-dihydroxyolean-12- en-28-oic acid\"""", ""\""19\u00b4-(3,4-Methylenedioxyphenyl)-nonadecanoic acid\"""", ""\""21\u00b4-(3,4-Methylenedioxyphenyl)-henicosanoic acid\"""", ""\""3-O-\u03b2-D-(6\u2019-methyl)-glucopyranosyl-28-O-\u03b2-D-glucopyranosyl-oleanate\"""", ""\""Luteolin; 2-(3,4-dihydroxyphenyl)-5,7-dihydroxy-4H-chromen-4-one\"""", ""\""Kaempferol-3-O-\u03b1-L-rhamnopyranosyl-(1-6)-\u03b1-L-rhamnopyranosyl-(1-4)-\u03b2-D-glucopyranoside\"""", ""\""3\u03b2-O-[\u03b1-L-rhamnopyranosyl-(1\u21922)-O-\u03b2-D-glucopyranosyl-(1\u21922)-O-\u03b2-D-glucopyranosyl]-28-O-\u03b2-D-glucopyranoside pomolate\"""", ""\""Kaempferol-3-O-\u03b1-L-rhamnopyranosyl-(1\u21926)-\u03b2-D-galactopyranoside\"""", ""\""1-[3-(3,7-dimethylocta-2,6-dien-1-yl)-2,4,6- trihydroxyphenyl]-3-(4-hydroxyphenyl)propan-1-one\"""", ""\""(3Z,5Z)-N-isobutyl-8-(30,40-methylenedioxy-phenyl)-heptadienamide\"""", ""\""4-Hydroxy-3-(3',7'-dimethyl-3'-hydroxy-1'-oxo-6'-octenyl)benzoic acid\"""", ""\""2\u03b1,3\u03b1-Dihydroxy-urs-12-en-28-oic acid\"""", ""\""1,2-dihydro- 3\u03b2-hydroxy-7-deacetoxy-7-oxogedunin\"""", ""\""4-Hydroxy-(3',7'-dimethyl-1'-oxo-octa-2'-Z-6'-dienyl)benzoic acid\"""", ""\""3,4,5-trimethoxyphenyl 1-O-\u03b2-D-apiofuranosyl-(1\u21926)-O-\u03b2-D-glucopyranoside\"""", ""\""4-Hydroxy-(3',7'-dimethyl-1'-oxo-octa-2'-E-6'-dienyl)benzoic acid\"""", ""\""4-Hydroxy-3-(3',7'-dimethylocta-2'-E-6'-dienyl)benzoic acid\"""", ""\""5-[3''-(\u03b2-D-glucopyranosyloxy)propyl]-7-methoxy-2-(3',4'-methylenedioxyphenyl)benzofuran\"""", ""\""1-(5,7-dihydroxy-2,2-dimethylchroman-6-yl)-3-(1,1,4a-trimethyl-2,3,4,4a,9a-hexahydro-1H-xanthen-7-yl)propan-1-one\"""", ""\""Kaempferol 3-O-\u03b1-L-rhamnopyranosyl (1\u21926)-O-[\u03b2 -D-glucopyranosyl (1\u21923)-O-\u03b1-L-rhamnopyranosyl-(1\u21922)]-O-\u03b2 -D-glucopyranosyl\"""", ""\""5-[3''-(\u03b2-D-glucopyranosyloxy)propyl]-7-methoxy-2-(3',4'-dimethoxyphenyl)benzofuran\"""", ""\""2-(2'-O-benzoyl)-C-\u03b2-D-glucopyranosyl-1,3,6,7-tetrahydroxyxanthone\"""", ""\""2\u03b2-Hydroxyzuelanin-6\u03b2-cinnamate\"""", ""\""2-(2'-O-trans-cinnamoyl)-C-\u03b2-D-glucopyranosyl-1,3,6,7-tetrahydroxyxanthone\"""", ""\""Juruenolic acid; 2-(4'-Methylpentenyl-3)-10-oxoundecan-2,6-dienoic acid\"""", ""\""3,4,5-Trimethoxyphenyl-1-O-\u03b2-D-(5-O-syringoyl)-apiofuranosyl-(1\u21926)-\u03b2-D-glucopyranoside\"""", ""\""Kaempferol-3-O-D-glucopyranoside\"""", ""\""Kaempferol-3-O-D-galactopyranoside\"""", ""\""8-hydroxy-3,5,7,3',4',5'-hexamethoxyflavonol\"""", ""\""Rel-(7R,8S,7'S,8'S)-4'-hydroxy-3,4,5,3',5'-pentamethoxy-7,7'-epoxylignan\"""", ""\""1-methoxy-3-hydroxy-3,10b-4,5a-diepoxy-8b-isobutyroyloxygermacr-11(13)-en-6a,12-olide\"""", ""\""19,20-Epoxycytochalasin C\"""", ""\""Pimara-7,15-dien-3\u03b2-ol\"""", ""\""Cuspanine; 1-hydroxy-2,3,5,6-tetramethoxy-9-acridone\"""", ""\""(3R,4R)-3,4-Dihydro-4,6-dihydroxy-3-methyl-1-oxo-1H-isochromene-5-carboxylic acid\"""", ""\""2-oxo-piperol B; (7S*, 8R*, 1R*, 3R*)-3,4,5-trimethoxy-3,7-cyclo-8,1-neolig-8-ene-2,4(3H)-dione\"""", ""\""2-Hexyl-3-methyl-butanodioic acid\"""", ""\""\u03b1-L-xylopyranosyl-(4\""\u219220)-(3-O-\u03b2-D-glucopyranosyl)-1'-O-E-caffeoyl-\u03b2-D-glucopyranoside\"""", ""\""2-(2'-O-transcoumaroyl)-C-\u03b2-D-glucopyranosyl-1,3,6,7-tetrahydroxyxanthone\"""", ""\""5,7-dimethoxy-2,2-dimethyl-2H-1-benzopyran-6-propanoate\"""", ""\""2-(2'-O-trans-caffeoyl)-C-\u03b2-D-glucopyranosyl-1,3,6,7-tetrahydroxyxanthone\"""", ""\""Kaempferol-3-O-rutinoside\"""", ""\""6-[8(Z)-pentadecenyl]salicylic acid\"""", ""\""2,4-Dihydroxy-6-[(1'E,3'E)-penta-1', 3'-dienyl]-benzaldehyde\"""", ""\""N-[7-(3',4'-methylenedioxyphenyl)-2(Z),4(Z)-heptadienoyl]pyrrolidine\"""", ""\""5,7-dimethoxy-2,2-dimethyl-2H-1-benzopyran-6-propanoic acid\"""", ""\""4-metoxi-6-[2-(metilamino)fenil]- 2H-piran-2-ona\"""", ""\""19,20-Epoxycytochalasin N\""""]]","doi_name"
"[""10.1016/S0031-9422(99)00132-6"", ""Methyl-8-hydroxy-2,2-dimethyl-2H-chromene-6-carboxylate""]","[""10.1016/S0031-9422(99)00132-6"", [""\""3-(3',7 '-dimethyl-2',6 '-octadienyl)-4-methoxy-benzoic acid\"""", ""\""4-Methoxy-3-(3',7'-dimethylocta-2'-E-6'-dienyl)benzoic acid\"""", ""\""4-Hydroxy-3-(3',7'-dimethyl-3'-hydroxy-1'-oxo-6'-octenyl)benzoic acid\"""", ""\""4-Hydroxy-3-(3',7'-dimethylocta-2'-E-6'-dienyl)benzoic acid\"""", ""\""4-Hydroxy-(3',7'-dimethyl-1'-oxo-octa-2'-Z-6'-dienyl)benzoic acid\"""", ""\""4-Hydroxy-(3',7'-dimethyl-1'-oxo-octa-2'-E-6'-dienyl)benzoic acid\"""", ""\""5,7-dimethoxy-2,2-dimethyl-2H-1-benzopyran-6-propanoic acid\"""", ""\""2,4,6-trimethoxybenzoic acid\"""", ""\""5-(3'' -Hydroxypropyl)-7-methoxy-2-(3',4' -methyl-enedioxyphenyl)benzofuran\"""", ""\""1,4-Dihydroxy-2-(3',7'-dimethyl-1'-oxo-2'-E-6'-octadienyl)benzene\"""", ""\""5,7-dimethoxy-2,2-dimethyl-2H-1-benzopyran-6-propanoate\"""", ""\""5-[3''-(\u03b2-D-glucopyranosyloxy)propyl]-7-methoxy-2-(3',4'-methylenedioxyphenyl)benzofuran\"""", ""\""17-(3,4-Methylenedioxyphenyl)-heptadecanoic acid\"""", ""\""5-[3''-(\u03b2-D-glucopyranosyloxy)propyl]-7-methoxy-2-(3',4'-dimethoxyphenyl)benzofuran\"""", ""\""1-[3-(3,7-dimethylocta-2,6-dien-1-yl)-2,4,6- trihydroxyphenyl]-3-(4-hydroxyphenyl)propan-1-one\"""", ""\""3,4-dihydroxybenzoic acid geranyl ester\"""", ""\""Methyl 4-hydroxy-3-(3'-methyl-2'-hydroxy-3'-butenyl)benzoate\"""", ""\""1,3,5-trihydroxy-4-methoxy-10-methyl- 2,8-bis(3-methylbut-2-enyl)acridin-9(10H)-one\"""", ""\""2,4-Dihydroxy-6-[(1'E,3'E)-penta-1', 3'-dienyl]-benzaldehyde\"""", ""\""2-Methyl-5-methoxy-benzopyran-4-one\"""", ""\""1,3,5-trihydroxy- 2,8-bis(3-methylbut-2-enyl)-10-methyl-9-acridone\"""", ""\""Methyl 4-hydroxy-3-(3'-methyl-2'-butenyl)benzoate\"""", ""\""3,4,5-Triacetoxybenzoic acid\"""", ""\""(3R,4R)-3,4-Dihydro-4,6-dihydroxy-3-methyl-1-oxo-1H-isochromene-5-carboxylic acid\"""", ""\""21\u00b4-(3,4-Methylenedioxyphenyl)-henicosanoic acid\"""", ""\""Methyl 2,2-dimethyl-1-oxo-2H-1-benzopyran-6-carboxylate\"""", ""\""19\u00b4-(3,4-Methylenedioxyphenyl)-nonadecanoic acid\"""", ""\""(3-(2-(4-hydroxyphenyl)-2-oxoethyl)-5,6-dihydropyridin- 2(1H)-one)\"""", ""\""3,4-dihydro-3,5,8-trihydroxy-6-methoxy-2,2,7-trimethyl-2Hpyrano[ 2,3-a]acridin-12(7H)-one\"""", ""\""Ethyl 2,4-dihydroxy-5,6-dimethylbenzoate\"""", ""\""3',4'-methylenedioxy-5,5',6,7-tetramethoxyflavone\"""", ""\""3,4-dimethyl-2-(4'-hydroxy-3',5'-dimethoxyphenyl)-5-methoxy-tetrahydrofuran\"""", ""\""1-(5,7-dihydroxy-2,2-dimethylchroman- 6-yl)-3-[4-hydroxy-3-(3-methylbut-2-en-1-yl)- phenyl]propan-1-one\"""", ""\""1-methoxy-3-hydroxy-3,10b-4,5a-diepoxy-8b-isobutyroyloxygermacr-11(13)-en-6a,12-olide\"""", ""\""2-Hexyl-3-methyl-butanodioic acid\"""", ""\""(2'S)-2-(propan-2'-ol)-5-hydroxy-benzopyran-4-one\"""", ""\""3',4'-methylenedioxy-5,7-dimethoxyflavone\"""", ""\""Myrsinoic acid A, 3-Geranyl-4-hydroxy-5-(3'',3''-dimethylallyl)benzoic acid\"""", ""\""(2S)-2-methyl-8-(3\""-methylbut-2\""-enyl)-2-(4'-methylpent-3'-enyl)-2H-chromene-6-carboxylic acid\"""", ""\""3',4'-methylenedioxy-5,6,7- trimethoxyflavone\"""", ""\""2-(2'-O-benzoyl)-C-\u03b2-D-glucopyranosyl-1,3,6,7-tetrahydroxyxanthone\"""", ""\""(3Z,5Z)-N-isobutyl-8-(30,40-methylenedioxy-phenyl)-heptadienamide\"""", ""\""1- (5,7-dihydroxy-2,2-dimethylchroman-6-yl)-3-(2,2-dimethylchroman- 6-yl)propan-1-one\"""", ""\""1,2-dihydro- 3\u03b2-hydroxy-7-deacetoxy-7-oxogedunin\"""", ""\""3,4,5-Trimethoxydihydrocinnamic acid\"""", ""\""1-(5,7-dihydroxy-2,2-dimethylchroman-6-yl)-3-(1,1,4a-trimethyl-2,3,4,4a,9a-hexahydro-1H-xanthen-7-yl)propan-1-one\"""", ""\""7-hydroxy-3- (11-dimethylallyl)-8-methoxycoumarin\"""", ""\""Methyl-2,2-dimethyl-8-(3'-methylbut-2'-enyl)chroman-6-carboxylate\"""", ""\""2,3-dihydro-4,9-dihydroxy-2-(2-hydroxy-propan-2-yl)- 11-methoxy-10-methylfuro[3,2-b]acridin-5(10H)-one\"""", ""\""2-(3',4'-methylenedioxyphenylethyl)-Quinoline\""""]]","doi_name"
"[""10.1016/S0031-9422(99)00132-6"", ""4-Methoxy-3-(3',7'-dimethylocta-2'-E-6'-dienyl)benzoic acid""]","[""10.1016/S0031-9422(99)00132-6"", [""\""3-(3',7 '-dimethyl-2',6 '-octadienyl)-4-methoxy-benzoic acid\"""", ""\""4-Methoxy-3-(3',7'-dimethylocta-2'-E-6'-dienyl)benzoic acid\"""", ""\""4-Hydroxy-3-(3',7'-dimethyl-3'-hydroxy-1'-oxo-6'-octenyl)benzoic acid\"""", ""\""4-Hydroxy-3-(3',7'-dimethylocta-2'-E-6'-dienyl)benzoic acid\"""", ""\""4-Hydroxy-(3',7'-dimethyl-1'-oxo-octa-2'-Z-6'-dienyl)benzoic acid\"""", ""\""4-Hydroxy-(3',7'-dimethyl-1'-oxo-octa-2'-E-6'-dienyl)benzoic acid\"""", ""\""5,7-dimethoxy-2,2-dimethyl-2H-1-benzopyran-6-propanoic acid\"""", ""\""2,4,6-trimethoxybenzoic acid\"""", ""\""5-(3'' -Hydroxypropyl)-7-methoxy-2-(3',4' -methyl-enedioxyphenyl)benzofuran\"""", ""\""1,4-Dihydroxy-2-(3',7'-dimethyl-1'-oxo-2'-E-6'-octadienyl)benzene\"""", ""\""5,7-dimethoxy-2,2-dimethyl-2H-1-benzopyran-6-propanoate\"""", ""\""5-[3''-(\u03b2-D-glucopyranosyloxy)propyl]-7-methoxy-2-(3',4'-methylenedioxyphenyl)benzofuran\"""", ""\""17-(3,4-Methylenedioxyphenyl)-heptadecanoic acid\"""", ""\""5-[3''-(\u03b2-D-glucopyranosyloxy)propyl]-7-methoxy-2-(3',4'-dimethoxyphenyl)benzofuran\"""", ""\""1-[3-(3,7-dimethylocta-2,6-dien-1-yl)-2,4,6- trihydroxyphenyl]-3-(4-hydroxyphenyl)propan-1-one\"""", ""\""3,4-dihydroxybenzoic acid geranyl ester\"""", ""\""Methyl 4-hydroxy-3-(3'-methyl-2'-hydroxy-3'-butenyl)benzoate\"""", ""\""1,3,5-trihydroxy-4-methoxy-10-methyl- 2,8-bis(3-methylbut-2-enyl)acridin-9(10H)-one\"""", ""\""2,4-Dihydroxy-6-[(1'E,3'E)-penta-1', 3'-dienyl]-benzaldehyde\"""", ""\""2-Methyl-5-methoxy-benzopyran-4-one\"""", ""\""1,3,5-trihydroxy- 2,8-bis(3-methylbut-2-enyl)-10-methyl-9-acridone\"""", ""\""Methyl 4-hydroxy-3-(3'-methyl-2'-butenyl)benzoate\"""", ""\""3,4,5-Triacetoxybenzoic acid\"""", ""\""(3R,4R)-3,4-Dihydro-4,6-dihydroxy-3-methyl-1-oxo-1H-isochromene-5-carboxylic acid\"""", ""\""21\u00b4-(3,4-Methylenedioxyphenyl)-henicosanoic acid\"""", ""\""Methyl 2,2-dimethyl-1-oxo-2H-1-benzopyran-6-carboxylate\"""", ""\""19\u00b4-(3,4-Methylenedioxyphenyl)-nonadecanoic acid\"""", ""\""(3-(2-(4-hydroxyphenyl)-2-oxoethyl)-5,6-dihydropyridin- 2(1H)-one)\"""", ""\""3,4-dihydro-3,5,8-trihydroxy-6-methoxy-2,2,7-trimethyl-2Hpyrano[ 2,3-a]acridin-12(7H)-one\"""", ""\""Ethyl 2,4-dihydroxy-5,6-dimethylbenzoate\"""", ""\""3',4'-methylenedioxy-5,5',6,7-tetramethoxyflavone\"""", ""\""3,4-dimethyl-2-(4'-hydroxy-3',5'-dimethoxyphenyl)-5-methoxy-tetrahydrofuran\"""", ""\""1-(5,7-dihydroxy-2,2-dimethylchroman- 6-yl)-3-[4-hydroxy-3-(3-methylbut-2-en-1-yl)- phenyl]propan-1-one\"""", ""\""1-methoxy-3-hydroxy-3,10b-4,5a-diepoxy-8b-isobutyroyloxygermacr-11(13)-en-6a,12-olide\"""", ""\""2-Hexyl-3-methyl-butanodioic acid\"""", ""\""(2'S)-2-(propan-2'-ol)-5-hydroxy-benzopyran-4-one\"""", ""\""3',4'-methylenedioxy-5,7-dimethoxyflavone\"""", ""\""Myrsinoic acid A, 3-Geranyl-4-hydroxy-5-(3'',3''-dimethylallyl)benzoic acid\"""", ""\""(2S)-2-methyl-8-(3\""-methylbut-2\""-enyl)-2-(4'-methylpent-3'-enyl)-2H-chromene-6-carboxylic acid\"""", ""\""3',4'-methylenedioxy-5,6,7- trimethoxyflavone\"""", ""\""2-(2'-O-benzoyl)-C-\u03b2-D-glucopyranosyl-1,3,6,7-tetrahydroxyxanthone\"""", ""\""(3Z,5Z)-N-isobutyl-8-(30,40-methylenedioxy-phenyl)-heptadienamide\"""", ""\""1- (5,7-dihydroxy-2,2-dimethylchroman-6-yl)-3-(2,2-dimethylchroman- 6-yl)propan-1-one\"""", ""\""1,2-dihydro- 3\u03b2-hydroxy-7-deacetoxy-7-oxogedunin\"""", ""\""3,4,5-Trimethoxydihydrocinnamic acid\"""", ""\""1-(5,7-dihydroxy-2,2-dimethylchroman-6-yl)-3-(1,1,4a-trimethyl-2,3,4,4a,9a-hexahydro-1H-xanthen-7-yl)propan-1-one\"""", ""\""7-hydroxy-3- (11-dimethylallyl)-8-methoxycoumarin\"""", ""\""Methyl-2,2-dimethyl-8-(3'-methylbut-2'-enyl)chroman-6-carboxylate\"""", ""\""2,3-dihydro-4,9-dihydroxy-2-(2-hydroxy-propan-2-yl)- 11-methoxy-10-methylfuro[3,2-b]acridin-5(10H)-one\"""", ""\""2-(3',4'-methylenedioxyphenylethyl)-Quinoline\""""]]","doi_name"
"[""10.1021/cc100076k"", ""2',5-dihydroxy-3-methoxy-8-dimethylallyl-6, 7-(2' ',2''-dimethylpyrano)-dihydroflavonol""]","[""10.1021/cc100076k"", [""\""3',4'-methylenedioxy-5,7-dimethoxyflavone\"""", ""\""7,4'-Dimethoxyflavone\"""", ""\""3',4'-methylenedioxy-5,5',6,7-tetramethoxyflavone\"""", ""\""3',4'-methylenedioxy-5,6,7- trimethoxyflavone\"""", ""\""8-hydroxy-3,5,7,3',4',5'-hexamethoxyflavonol\"""", ""\""2',5-dihydroxy-3-methoxy-8-dimethylallyl-6, 7-(2' ',2''-dimethylpyrano)-dihydroflavonol\"""", ""\""7,4'-Dihydroxyflavone\"""", ""\""3,5,6,7,3',4',5'-heptamethoxyflavonol\"""", ""\""3',4',5',5,7-pentamethoxyflavone\"""", ""\""2',6'-Dihydroxy-4'-methoxydihydrochalcone\"""", ""\""3',4',5',5,7,8-hexamethoxyflavone\"""", ""\""3',4',5',3,5,7,8-heptamethoxyflavone\"""", ""\""5-hydroxyflavone\"""", ""\""2'-hydroxy-3,4,4'-trimethoxy-5',6'-(2'',2''-dimethylpyrano)-chalcone\"""", ""\""7-Hydroxy-4',6-dimethoxyisoflavone; Afrormosin; Afromosin\"""", ""\""8-hydroxy-6-methoxy-3-methylisocoumarin\"""", ""\""6-methoxyeugenin\"""", ""\""Methyl 6,7,8-trimethoxydihydrocinnamate\"""", ""\""3,4,5-trimethoxyphenyl 1-O-\u03b2-D-apiofuranosyl-(1\u21926)-O-\u03b2-D-glucopyranoside\"""", ""\""2,3-dihydro-4,9-dihydroxy-2-(2-hydroxy-propan-2-yl)- 11-methoxy-10-methylfuro[3,2-b]acridin-5(10H)-one\"""", ""\""3,4-dimethyl-2-(4'-hydroxy-3',5'-dimethoxyphenyl)-5-methoxy-tetrahydrofuran\"""", ""\""Isosakuranetin; 5,7-dihydroxy-4'-methoxyflavanone\"""", ""\""3,4,5-Trimethoxyphenyl-1-O-\u03b2-D-(5-O-syringoyl)-apiofuranosyl-(1\u21926)-\u03b2-D-glucopyranoside\"""", ""\""Sakuranetin; 5,4'-dihydroxy-7-methoxyflavanone\"""", ""\""5,7-dimethoxy-2,2-dimethyl-2H-1-benzopyran-6-propanoate\"""", ""\""4-Hydroxy-(3',7'-dimethyl-1'-oxo-octa-2'-E-6'-dienyl)benzoic acid\"""", ""\""3,4-dihydro-3,5,8-trihydroxy-6-methoxy-2,2,7-trimethyl-2Hpyrano[ 2,3-a]acridin-12(7H)-one\"""", ""\""Sorbifolin 6-O-\u03b2-glucopyranoside\"""", ""\""2,4,6-trimethoxybenzoic acid\"""", ""\""5,7-dimethoxy-2,2-dimethyl-2H-1-benzopyran-6-propanoic acid\"""", ""\""7-hydroxy-3- (11-dimethylallyl)-8-methoxycoumarin\"""", ""\""3-(3',7 '-dimethyl-2',6 '-octadienyl)-4-methoxy-benzoic acid\"""", ""\""6\u03b1-acetoxymanoyl oxide\"""", ""\""4-Methoxy-3-(3',7'-dimethylocta-2'-E-6'-dienyl)benzoic acid\"""", ""\""2-(2'-O-benzoyl)-C-\u03b2-D-glucopyranosyl-1,3,6,7-tetrahydroxyxanthone\"""", ""\""4-Hydroxy-3-(3',7'-dimethylocta-2'-E-6'-dienyl)benzoic acid\"""", ""\""Methyl-8-hydroxy-2,2-dimethyl-2H-chromene-6-carboxylate\"""", ""\""4-Hydroxy-(3',7'-dimethyl-1'-oxo-octa-2'-Z-6'-dienyl)benzoic acid\"""", ""\""Methyl-8-(ethanoyloxy)-2,2-dimethyl-2H-chromene-6-carboxylate\"""", ""\""1- (5,7-dihydroxy-2,2-dimethylchroman-6-yl)-3-(2,2-dimethylchroman- 6-yl)propan-1-one\"""", ""\""1-[3-(3,7-dimethylocta-2,6-dien-1-yl)-2,4,6- trihydroxyphenyl]-3-(4-hydroxyphenyl)propan-1-one\"""", ""\""Methyl-8-hydroxy-2,2-dimethylchroman-6-carboxylate\"""", ""\""6-Hydroxy-rutin\"""", ""\""1,4-Dihydroxy-2-(3',7'-dimethyl-1'-oxo-2'-E-6'-octadienyl)benzene\"""", ""\""Methyl-2,2-dimethylchroman-6-carboxylate\"""", ""\""6\u03b2-hydroxy-7-epigardoside methyl ester\"""", ""\""(-) Cis-4-hydroxy-6-deoxyscytalone\"""", ""\""5-[3''-(\u03b2-D-glucopyranosyloxy)propyl]-7-methoxy-2-(3',4'-dimethoxyphenyl)benzofuran\"""", ""\""7-Methoxydiderroside\"""", ""\""1,6-di-O-caffeoyl-\u03b2-D-glucopyranoside\""""]]","doi_name"
"[""10.1021/jf100233y"", ""Methyl gallate""]","[""10.1021/jf100233y"", [""\""Lauryl gallate\"""", ""\""Methyl gallate\"""", ""\""Isobutyl gallate\"""", ""\""Isopropyl gallate\"""", ""\""n-Pentyl gallate\"""", ""\""n-Butyl gallate\"""", ""\""n-Propyl gallate\"""", ""\""Kaempferol-3-O-\u03b1-L-rhamnopyranosyl-(1\u21926)-\u03b2-D-galactopyranoside\"""", ""\""Kaempferol-3-O-D-galactopyranoside\"""", ""\""(-)-Epigallocatechin-3-O-gallate\"""", ""\""Galioside\"""", ""\""Galioside aglicone\"""", ""\""Pterogynoside; Kaempferol-3-O-(3''-O-4'''-methylgallate-\u03b1-L-rhamnoside)\"""", ""\""Quercetin-3-O-\u03b1-L-rhamnopyranosyl-(1\u21926)-\u03b2-D-galactopyranoside\"""", ""\""Sorbifolin 6-O-\u03b2-glucopyranoside\"""", ""\""Kaempferol-3-O-D-glucopyranoside\"""", ""\""Kaempferol-3-O-\u03b1-L-rhamnopyranosyl-(1-6)-\u03b1-L-rhamnopyranosyl-(1-4)-\u03b2-D-glucopyranoside\"""", ""\""6\u03b1-malonyloxymanoyl oxide\"""", ""\""Heveaflavone\"""", ""\""1-O-(E)-feruloyl-\u03b2-D-glucopyranoside\"""", ""\""1,6-di-O-caffeoyl-\u03b2-D-glucopyranoside\"""", ""\""Ferulic acid\"""", ""\""3,4-dihydroxybenzoic acid geranyl ester\"""", ""\""7,4'-Dimethoxyflavone\"""", ""\""7,4'-Dihydroxyflavone\"""", ""\""6\u03b1-malonyloxy-n-butyl ester manoyl oxide\"""", ""\""Kaempferol\"""", ""\""6\u03b2-hydroxy-7-epigardoside methyl ester\"""", ""\""Sorbifolin\"""", ""\""1-O-(E)-caffeoyl-\u03b2-D-glucopyranoside\"""", ""\""3',4'-methylenedioxy-5,5',6,7-tetramethoxyflavone\"""", ""\""Austdiol diacetate\"""", ""\""4-Hydroxymellein\"""", ""\""Methyl angolensate\"""", ""\""3',4'-methylenedioxy-5,6,7- trimethoxyflavone\"""", ""\""Myrsinoic acid A, 3-Geranyl-4-hydroxy-5-(3'',3''-dimethylallyl)benzoic acid\"""", ""\""6'-Acetyl-\u03b2-D-glucopyranosyldiderroside\"""", ""\""Chrysoeriol\"""", ""\""3',4'-methylenedioxy-5,7-dimethoxyflavone\"""", ""\""Stearic acid 4-pentoyloxyphenethyl ester\"""", ""\""Luteolin; 2-(3,4-dihydroxyphenyl)-5,7-dihydroxy-4H-chromen-4-one\"""", ""\""6\u03b1-acetoxymanoyl oxide\"""", ""\""3-Acetyl aleuritolic acid\"""", ""\""3',4',5',5,7-pentamethoxyflavone\"""", ""\""3,4,5-Trimethoxyphenyl-1-O-\u03b2-D-(5-O-syringoyl)-apiofuranosyl-(1\u21926)-\u03b2-D-glucopyranoside\"""", ""\""Syringaldehyde\"""", ""\""6-pentadecylsalicylic acid\"""", ""\""Pyranofoline\"""", ""\""(\u00b1)-Syringaresinol\"""", ""\""p-hydroxybenzoic acid-geranyl ester\""""]]","doi_name"
"[""10.1021/jf100233y"", ""Gallic acid; 3,4,5-trihydroxybenzoic acid""]","[""10.1021/jf100233y"", [""\""Lauryl gallate\"""", ""\""Methyl gallate\"""", ""\""Isobutyl gallate\"""", ""\""Isopropyl gallate\"""", ""\""n-Pentyl gallate\"""", ""\""n-Butyl gallate\"""", ""\""n-Propyl gallate\"""", ""\""Kaempferol-3-O-\u03b1-L-rhamnopyranosyl-(1\u21926)-\u03b2-D-galactopyranoside\"""", ""\""Kaempferol-3-O-D-galactopyranoside\"""", ""\""(-)-Epigallocatechin-3-O-gallate\"""", ""\""Galioside\"""", ""\""Galioside aglicone\"""", ""\""Pterogynoside; Kaempferol-3-O-(3''-O-4'''-methylgallate-\u03b1-L-rhamnoside)\"""", ""\""Quercetin-3-O-\u03b1-L-rhamnopyranosyl-(1\u21926)-\u03b2-D-galactopyranoside\"""", ""\""Sorbifolin 6-O-\u03b2-glucopyranoside\"""", ""\""Kaempferol-3-O-D-glucopyranoside\"""", ""\""Kaempferol-3-O-\u03b1-L-rhamnopyranosyl-(1-6)-\u03b1-L-rhamnopyranosyl-(1-4)-\u03b2-D-glucopyranoside\"""", ""\""6\u03b1-malonyloxymanoyl oxide\"""", ""\""Heveaflavone\"""", ""\""1-O-(E)-feruloyl-\u03b2-D-glucopyranoside\"""", ""\""1,6-di-O-caffeoyl-\u03b2-D-glucopyranoside\"""", ""\""Ferulic acid\"""", ""\""7,4'-Dimethoxyflavone\"""", ""\""3,4-dihydroxybenzoic acid geranyl ester\"""", ""\""7,4'-Dihydroxyflavone\"""", ""\""6\u03b1-malonyloxy-n-butyl ester manoyl oxide\"""", ""\""Kaempferol\"""", ""\""6\u03b2-hydroxy-7-epigardoside methyl ester\"""", ""\""Sorbifolin\"""", ""\""1-O-(E)-caffeoyl-\u03b2-D-glucopyranoside\"""", ""\""3',4'-methylenedioxy-5,5',6,7-tetramethoxyflavone\"""", ""\""Austdiol diacetate\"""", ""\""4-Hydroxymellein\"""", ""\""Methyl angolensate\"""", ""\""3',4'-methylenedioxy-5,6,7- trimethoxyflavone\"""", ""\""Myrsinoic acid A, 3-Geranyl-4-hydroxy-5-(3'',3''-dimethylallyl)benzoic acid\"""", ""\""Chrysoeriol\"""", ""\""6'-Acetyl-\u03b2-D-glucopyranosyldiderroside\"""", ""\""3',4'-methylenedioxy-5,7-dimethoxyflavone\"""", ""\""Stearic acid 4-pentoyloxyphenethyl ester\"""", ""\""Luteolin; 2-(3,4-dihydroxyphenyl)-5,7-dihydroxy-4H-chromen-4-one\"""", ""\""6\u03b1-acetoxymanoyl oxide\"""", ""\""3-Acetyl aleuritolic acid\"""", ""\""3',4',5',5,7-pentamethoxyflavone\"""", ""\""3,4,5-Trimethoxyphenyl-1-O-\u03b2-D-(5-O-syringoyl)-apiofuranosyl-(1\u21926)-\u03b2-D-glucopyranoside\"""", ""\""Syringaldehyde\"""", ""\""6-pentadecylsalicylic acid\"""", ""\""Pyranofoline\"""", ""\""(\u00b1)-Syringaresinol\"""", ""\""p-hydroxybenzoic acid-geranyl ester\""""]]","doi_name"
"[""10.1021/jf60217a066"", ""\u03b2-caryophyllene, trans-caryophyllene""]","[""10.1021/jf60217a066"", [""\""6-methoxyeugenin\"""", ""\""Methyl (E)-6,7,8-trimethoxycinnamate\"""", ""\""8-methoxymellein\"""", ""\""Methyl 6,7,8-trimethoxydihydrocinnamate\"""", ""\""4-Hydroxymellein\"""", ""\""Methyl angolensate\"""", ""\""Methyl gallate\"""", ""\""2-(3',4'-methylenedioxyphenylethyl)-Quinoline\"""", ""\""Methyl-8-(ethanoyloxy)-2,2-dimethyl-2H-chromene-6-carboxylate\"""", ""\""Rel-(7R,8S,7'S,8'S)-4-hydroxy-4',5'-methylenedioxy-3,5,3'-trimethoxy-7,7'-epoxylignan\"""", ""\""6\u03b2-hydroxy-7-epigardoside methyl ester\"""", ""\""(R)-7-Hydroxymellein\"""", ""\""Ethyl 2,4-dihydroxy-5,6-dimethylbenzoate\"""", ""\""Rel-(7R,8S,7'S,8'S)-4',5'-methylenedioxy-3,4,5,3'-tetramethoxy-7,7'-epoxylignan\"""", ""\""3',4'-methylenedioxy-5,5',6,7-tetramethoxyflavone\"""", ""\""penduletin 4-O-methyl ether\"""", ""\""17-(3,4-Methylenedioxyphenyl)-heptadecanoic acid\"""", ""\""3',4'-methylenedioxy-5,6,7- trimethoxyflavone\"""", ""\""8-hydroxy-6-methoxy-3-methylisocoumarin\"""", ""\""3',4'-methylenedioxy-5,7-dimethoxyflavone\"""", ""\""7-Methoxydiderroside\"""", ""\""5-hydroxymellein\"""", ""\""7-hydroxy-3- (11-dimethylallyl)-8-methoxycoumarin\"""", ""\""21\u00b4-(3,4-Methylenedioxyphenyl)-henicosanoic acid\"""", ""\""N-[10- (13,14-methylenedioxyphenyl)-7(E)-pentaenoyl]-pyrrolidine\"""", ""\""Rel-(7R,8S,7'S,8'S)-9-hydroxy-4',5'-methylenedioxy-3,4,5,3'-tetramethoxy-7,7'-epoxylignan\"""", ""\""Methyl-8-hydroxy-2,2-dimethyl-2H-chromene-6-carboxylate\"""", ""\""Rel-(7R,8S,7'S,8'S)-4'-hydroxy-3,4,5,3',5'-pentamethoxy-7,7'-epoxylignan\"""", ""\""Methyl-2,2-dimethyl-8-(3'-methylbut-2'-enyl)chroman-6-carboxylate\"""", ""\""Kaempferol\"""", ""\""cryptomeridiol\"""", ""\""7,4'-Dimethoxyflavone\"""", ""\""5-[3''-(\u03b2-D-glucopyranosyloxy)propyl]-7-methoxy-2-(3',4'-methylenedioxyphenyl)benzofuran\"""", ""\""(3R,4R)-4,7-Dihydroxymellein\"""", ""\""9-hydroxyeugenin\"""", ""\""4-Methoxy-3-(3',7'-dimethylocta-2'-E-6'-dienyl)benzoic acid\"""", ""\""N-[10-(13,14-methylenedioxyphenyl)-7(E),9(Z)-pentadienoyl]-pyrrolidine\"""", ""\""Methyl 4-hydroxy-3-(3'-methyl-2'-hydroxy-3'-butenyl)benzoate\"""", ""\""Chlorogenic acid methyl ester, Methyl (1S,3R,4R,5R)-3-{[(2E)-3-(3,4-dihydroxyphenyl)-2-propenoyl]oxy}-1,4,5-trihydroxycyclohexanecarboxylate\"""", ""\""Methyl 4-hydroxy-3-(3'-methyl-2'-butenyl)benzoate\"""", ""\""Rel-(7R,8S,7'S,8'S)-4,5,4',5'-dimethylenedioxy-3,3'-dimethoxy-7,7'-epoxylignan\"""", ""\""5-(3'' -Hydroxypropyl)-7-methoxy-2-(3',4' -methyl-enedioxyphenyl)benzofuran\"""", ""\""Methyl-8-hydroxy-2,2-dimethylchroman-6-carboxylate\"""", ""\""4-Hydroxy-3-(3',7'-dimethylocta-2'-E-6'-dienyl)benzoic acid\"""", ""\""Juruenolic acid; 2-(4'-Methylpentenyl-3)-10-oxoundecan-2,6-dienoic acid\"""", ""\""Methacrylic acid\"""", ""\""Leptomerine\"""", ""\""19\u00b4-(3,4-Methylenedioxyphenyl)-nonadecanoic acid\"""", ""\""5-[3''-(\u03b2-D-glucopyranosyloxy)propyl]-7-methoxy-2-(3',4'-dimethoxyphenyl)benzofuran\"""", ""\""Amentoflavone 7\u201d,4\u201d\u2019-dimethyl ether\""""]]","doi_name"
"[""10.1021/np0303963"", ""(-)-3-O-acetyl-spectaline""]","[""10.1021/np0303963"", [""\""(-)-3-O-acetyl-spectaline\"""", ""\""(-)-Spectalinine\"""", ""\""(R)-7-Hydroxymellein\"""", ""\""(-) Cis-4-hydroxy-6-deoxyscytalone\"""", ""\""7,4'-Dihydroxyflavone\"""", ""\""(+)-\u03b1-Hydroxyerysotrine\"""", ""\""7-Methoxydiderroside\"""", ""\""Rel-(+)-(7S,9R,10S)-3,9,12-trihydroxycalamenene\"""", ""\""(3R,4R)-4,7-Dihydroxymellein\"""", ""\""(+)-11\u03b1-Hydroxyerythravine\"""", ""\""Rel. (+)-(7S,10S) 3,12-dihydroxycalamenene\"""", ""\""7-hydroxy-3- (11-dimethylallyl)-8-methoxycoumarin\"""", ""\""7,4'-Dimethoxyflavone\"""", ""\""12\u2032-hydroxy-7\u2032-multijuguinone\"""", ""\""1- (5,7-dihydroxy-2,2-dimethylchroman-6-yl)-3-(2,2-dimethylchroman- 6-yl)propan-1-one\"""", ""\""1,2-dihydro- 3\u03b2-hydroxy-7-deacetoxy-7-oxogedunin\"""", ""\""8-hydroxy-3,5,7,3',4',5'-hexamethoxyflavonol\"""", ""\""7-Methyl-sargachromenol; 2,7,8-Trimethyl-2-[(3-E,7-Z)-4,12-dimethyl-8-carboxyl-3,7,11-tridecatrienyl]-3-chromen-6-ol, \u03b2-caroteno\"""", ""\""4-Hydroxymellein\"""", ""\""Rel-(7R,8S,7'S,8'S)-9-hydroxy-4',5'-methylenedioxy-3,4,5,3'-tetramethoxy-7,7'-epoxylignan\"""", ""\""5-hydroxy-N-methylseverifoline\"""", ""\""3,4-dihydro-3,5,8-trihydroxy-6-methoxy-2,2,7-trimethyl-2Hpyrano[ 2,3-a]acridin-12(7H)-one\"""", ""\""4-Hydroxy-(3',7'-dimethyl-1'-oxo-octa-2'-Z-6'-dienyl)benzoic acid\"""", ""\""22-hydroxytirucalla-7,24-diene-2,3-dione\"""", ""\""5-hydroxymellein\"""", ""\""3\u03b2-hydroxy-stigmast-5-en-7-one; 24-\u03b2-7-oxositosterol\"""", ""\""1-(5,7-dihydroxy-2,2-dimethylchroman-6-yl)-3-(1,1,4a-trimethyl-2,3,4,4a,9a-hexahydro-1H-xanthen-7-yl)propan-1-one\"""", ""\""4-Hydroxy-(3',7'-dimethyl-1'-oxo-octa-2'-E-6'-dienyl)benzoic acid\"""", ""\""1-(5,7-dihydroxy-2,2-dimethylchroman- 6-yl)-3-[4-hydroxy-3-(3-methylbut-2-en-1-yl)- phenyl]propan-1-one\"""", ""\""Rel-(7R,8S,7'S,8'S)-4'-hydroxy-3,4,5,3',5'-pentamethoxy-7,7'-epoxylignan\"""", ""\""Rel-(7R,8S,7'S,8'S)-4-hydroxy-4',5'-methylenedioxy-3,5,3'-trimethoxy-7,7'-epoxylignan\"""", ""\""17-(3,4-Methylenedioxyphenyl)-heptadecanoic acid\"""", ""\""4-Hydroxy-3-(3',7'-dimethyl-3'-hydroxy-1'-oxo-6'-octenyl)benzoic acid\"""", ""\""3',4',5',3,5,7,8-heptamethoxyflavone\"""", ""\""5\u03b1-carboxystrictosidine\"""", ""\""3,5,6,7,3',4',5'-heptamethoxyflavonol\"""", ""\""3',4',5',5,7,8-hexamethoxyflavone\"""", ""\""N-[7-(3',4'-methylenedioxyphenyl)-2(Z),4(Z)-heptadienoyl]pyrrolidine\"""", ""\""8-hydroxy-6-methoxy-3-methylisocoumarin\"""", ""\""2',6'-Dihydroxy-4'-methoxydihydrochalcone\"""", ""\""2,7-Di-O-acetylcasearupestrin A\"""", ""\""Rel-(7R,8S,7'S,8'S)-4',5'-methylenedioxy-3,4,5,3'-tetramethoxy-7,7'-epoxylignan\"""", ""\""4-Hydroxy-3-(3',7'-dimethylocta-2'-E-6'-dienyl)benzoic acid\"""", ""\""2-(2'-O-trans-caffeoyl)-C-\u03b2-D-glucopyranosyl-1,3,6,7-tetrahydroxyxanthone\"""", ""\""2-(2'-O-benzoyl)-C-\u03b2-D-glucopyranosyl-1,3,6,7-tetrahydroxyxanthone\"""", ""\""3,7,4-O-trimethylkaempferol\"""", ""\""1-[3-(3,7-dimethylocta-2,6-dien-1-yl)-2,4,6- trihydroxyphenyl]-3-(4-hydroxyphenyl)propan-1-one\"""", ""\""2,3-dihydro-4,9-dihydroxy-2-(2-hydroxy-propan-2-yl)- 11-methoxy-10-methylfuro[3,2-b]acridin-5(10H)-one\"""", ""\""(\u00b1)-Syringaresinol\"""", ""\""8-methoxymellein\""""]]","doi_name"
"[""10.1021/np070312g"", ""(+)-3-O-feruloylcassine""]","[""10.1021/np070312g"", [""\""2-(R)-Methyl-6-(S)-(tetradecyl-13'-one)-3(R)-O-tert-butyldimethylsilyl-piperidine\"""", ""\""(+)-3-O-feruloylcassine\"""", ""\""1-O-(E)-feruloyl-\u03b2-D-glucopyranoside\"""", ""\""N-[10-(13,14-methylenedioxyphenyl)-7(E),9(Z)-pentadienoyl]-pyrrolidine\"""", ""\""N-[10- (13,14-methylenedioxyphenyl)-7(E)-pentaenoyl]-pyrrolidine\"""", ""\""(2S)-Methyl-8-isopentyl-2-methyl-2-(4'-methylpentyl)chroman-6-carboxylate\"""", ""\""Piperyline, N-[10-(13,14-methylenedioxyphenyl)-7(E),9(E)-pentadienoyl]-pyrrolidine\"""", ""\""N-[7-(3',4'-methylenedioxyphenyl)-2(Z),4(Z)-heptadienoyl]pyrrolidine\"""", ""\""2-oxo-piperol B; (7S*, 8R*, 1R*, 3R*)-3,4,5-trimethoxy-3,7-cyclo-8,1-neolig-8-ene-2,4(3H)-dione\"""", ""\""2,3-dihydro-4,9-dihydroxy-2-(2-hydroxy-propan-2-yl)- 11-methoxy-10-methylfuro[3,2-b]acridin-5(10H)-one\"""", ""\""1- (5,7-dihydroxy-2,2-dimethylchroman-6-yl)-3-(2,2-dimethylchroman- 6-yl)propan-1-one\"""", ""\""2',5-dihydroxy-3-methoxy-8-dimethylallyl-6, 7-(2' ',2''-dimethylpyrano)-dihydroflavonol\"""", ""\""Methyl-2,2-dimethyl-8-(3'-methylbut-2'-enyl)chroman-6-carboxylate\"""", ""\""(2S)-8-Isopentyl-2-methyl-2-(4'-methylpentyl)chroman-6-carboxylic acid\"""", ""\""1-(5,7-dihydroxy-2,2-dimethylchroman-6-yl)-3-(1,1,4a-trimethyl-2,3,4,4a,9a-hexahydro-1H-xanthen-7-yl)propan-1-one\"""", ""\""8,9-dihydropiplartine; N-(12,13,14-trimethoxydihydrocinnamoyl)-\u03943-pyridin-2-one\"""", ""\""Methyl-2,2-dimethylchroman-6-carboxylate\"""", ""\""2-methyl-5-[8(Z),11(Z)-pentadecadienyl]resorcinol\"""", ""\""1-(5,7-dihydroxy-2,2-dimethylchroman- 6-yl)-3-[4-hydroxy-3-(3-methylbut-2-en-1-yl)- phenyl]propan-1-one\"""", ""\""N-[3-(6'-methoxy-3',4'-methy-lenedioxyphenyl)-2(Z)-propenoyl]pyrrolidine\"""", ""\""2-methyl-5-[8(Z),11(Z),14-pentadecatrienyl]resorcinol\"""", ""\""(2S)-Methyl-2-methyl-8-(3\""-methylbut-2\""-enyl)-2-(4'-methylpent-3'-enyl)-2H-chromene-6-carboxylate\"""", ""\""Tetrahydropiperyline, N-[10-(13,14-methylenedioxyphenyl)-pentanoyl]-pyrrolidine\"""", ""\""3,4,5-Trimethoxyphenyl-1-O-\u03b2-D-(5-O-syringoyl)-apiofuranosyl-(1\u21926)-\u03b2-D-glucopyranoside\"""", ""\""2-butyl-D-fructofuranoside\"""", ""\""3,4-dihydro-3,5,8-trihydroxy-6-methoxy-2,2,7-trimethyl-2Hpyrano[ 2,3-a]acridin-12(7H)-one\"""", ""\""Methyl-8-(ethanoyloxy)-2,2-dimethyl-2H-chromene-6-carboxylate\"""", ""\""(2S)-2-methyl-8-(3\""-methylbut-2\""-enyl)-2-(4'-methylpent-3'-enyl)-2H-chromene-6-carboxylic acid\"""", ""\""6-[ 8(Z),11(Z) -pentadecadienyl] salicylic acid\"""", ""\""2-methyl-5-[8(Z)-pentadecenyl]resorcinol\"""", ""\""2-methyl-5-pentadecylresorcinol\"""", ""\""3,4,5-trimethoxyphenyl 1-O-\u03b2-D-apiofuranosyl-(1\u21926)-O-\u03b2-D-glucopyranoside\"""", ""\""2-(1'-pentenyl)-Quinoline\"""", ""\""3',4'-methylenedioxy-5,5',6,7-tetramethoxyflavone\"""", ""\""10,11-dihydropiperine; \u0394\u03b1,\u03b2-dihydropiperine\"""", ""\""Kaempferol-3-O-\u03b1-L-rhamnopyranosyl-(1-6)-\u03b1-L-rhamnopyranosyl-(1-4)-\u03b2-D-glucopyranoside\"""", ""\""Methyl 2,2-dimethyl-1-oxo-2H-1-benzopyran-6-carboxylate\"""", ""\""2,2-dimethyl-2H-chromene-6-carboxylic acid\"""", ""\""7-hydroxy-3- (11-dimethylallyl)-8-methoxycoumarin\"""", ""\""1-[3-(3,7-dimethylocta-2,6-dien-1-yl)-2,4,6- trihydroxyphenyl]-3-(4-hydroxyphenyl)propan-1-one\"""", ""\""Kaempferol-3-O-\u03b1-L-rhamnopyranosyl-(1\u21926)-\u03b2-D-galactopyranoside\"""", ""\""2-(2'-O-trans-cinnamoyl)-C-\u03b2-D-glucopyranosyl-1,3,6,7-tetrahydroxyxanthone\"""", ""\""(3-(2-(4-hydroxyphenyl)-2-oxoethyl)-5,6-dihydropyridin- 2(1H)-one)\"""", ""\""3',4'-methylenedioxy-5,7-dimethoxyflavone\"""", ""\""Methyl-8-hydroxy-2,2-dimethylchroman-6-carboxylate\"""", ""\""5,7-dimethoxy-2,2-dimethyl-2H-1-benzopyran-6-propanoic acid\"""", ""\""(-)-3-O-acetyl-spectaline\"""", ""\""17-(3,4-Methylenedioxyphenyl)-heptadecanoic acid\"""", ""\""Methyl-8-hydroxy-2,2-dimethyl-2H-chromene-6-carboxylate\"""", ""\""3',4'-methylenedioxy-5,6,7- trimethoxyflavone\""""]]","doi_name"
"[""10.1021/np1007476"", ""Methyl (3R,4R,5R)-3-{[(2Z)-3-(3,4-dihydroxyphenyl)-2-propenoyl]oxy}-1,4,5-trihydroxycyclohexanecarboxylate""]","[""10.1021/np1007476"", [""\""Mangiferin\"""", ""\""Ourateacatechin\"""", ""\""Leptomerine\"""", ""\""Fasciculiferin\"""", ""\""Isopimpinellin\"""", ""\""Arboreumine\"""", ""\""Ricinine\"""", ""\""Skimmianine\"""", ""\""Pyranofoline\"""", ""\""Anhydrofusarubin\"""", ""\""Epi-guaiacin\"""", ""\""Burchellin\"""", ""\""Chaetoglobosin B\"""", ""\""Orcinol\"""", ""\""Chrysoeriol\"""", ""\""Kokusaginine\"""", ""\""Xanthyletin\"""", ""\""Pellitorine\"""", ""\""urauchimycin A\"""", ""\""Liriodenine\"""", ""\""Farnisine\"""", ""\""Sargachromenol\"""", ""\""fumiquinozoline F\"""", ""\""Verrucosin\"""", ""\""Casearin T\"""", ""\""Uracil\"""", ""\""Haplotusine\"""", ""\""Sorbifolin\"""", ""\""urauchimycin B\"""", ""\""Tagitinin C\"""", ""\""Aphidicolin\"""", ""\""Casearupestrin A\"""", ""\""Casearupestrin C\"""", ""\""acacetin\"""", ""\""Picramnioside F\"""", ""\""Plumericin\"""", ""\""Kaempferitrin\"""", ""\""Canavaline\"""", ""\""Salacin\"""", ""\""Casearupestrin D\"""", ""\""taxifolin\"""", ""\""carlinoside\"""", ""\""Casearin S\"""", ""\""Netzahualcoyonol\"""", ""\""(+)-Guaiacin\"""", ""\""Casearupestrin B\"""", ""\""fraxinellonone\"""", ""\""amorphispironone\"""", ""\""Proanthocyanidin\"""", ""\""Teucrein\""""]]","doi_name"
"[""10.1021/np1007476"", ""Methyl (3R,4R,5R)-3-{[(2E)-3-(3,4-dihydroxyphenyl)-2-propenoyl]oxy}-1,4,5-trihydroxycyclohexanecarboxylate""]","[""10.1021/np1007476"", [""\""Mangiferin\"""", ""\""Ourateacatechin\"""", ""\""Leptomerine\"""", ""\""Fasciculiferin\"""", ""\""Isopimpinellin\"""", ""\""Arboreumine\"""", ""\""Ricinine\"""", ""\""Skimmianine\"""", ""\""Pyranofoline\"""", ""\""Anhydrofusarubin\"""", ""\""Epi-guaiacin\"""", ""\""Burchellin\"""", ""\""Chaetoglobosin B\"""", ""\""Orcinol\"""", ""\""Chrysoeriol\"""", ""\""Kokusaginine\"""", ""\""Xanthyletin\"""", ""\""Pellitorine\"""", ""\""urauchimycin A\"""", ""\""Liriodenine\"""", ""\""Farnisine\"""", ""\""Sargachromenol\"""", ""\""fumiquinozoline F\"""", ""\""Verrucosin\"""", ""\""Casearin T\"""", ""\""Uracil\"""", ""\""Haplotusine\"""", ""\""Sorbifolin\"""", ""\""urauchimycin B\"""", ""\""Tagitinin C\"""", ""\""Aphidicolin\"""", ""\""Casearupestrin A\"""", ""\""Casearupestrin C\"""", ""\""acacetin\"""", ""\""Picramnioside F\"""", ""\""Plumericin\"""", ""\""Kaempferitrin\"""", ""\""Canavaline\"""", ""\""Salacin\"""", ""\""Casearupestrin D\"""", ""\""taxifolin\"""", ""\""carlinoside\"""", ""\""Casearin S\"""", ""\""Netzahualcoyonol\"""", ""\""(+)-Guaiacin\"""", ""\""Casearupestrin B\"""", ""\""fraxinellonone\"""", ""\""amorphispironone\"""", ""\""Proanthocyanidin\"""", ""\""Teucrein\""""]]","doi_name"
"[""10.1021/np800612x"", ""Nitensidine D""]","[""10.1021/np800612x"", [""\""Nitensidine E\"""", ""\""Nitensidine A\"""", ""\""Nitensidine D\"""", ""\""Nitensidine B\"""", ""\""Nitensidine C\"""", ""\""Nitensoside A; Sorbifolin 6-O-\u03b1-rhamnopyranosyl(1'''\u21926'')-\u03b2-glucopyranoside\"""", ""\""Nitensoside B; Pedalitin 6-O-\u03b1-rhamnopyranosyl(1'''\u21926'')-\u03b2-glucopyranoside\"""", ""\""N-acetylnonaine\"""", ""\""Eugenitin\"""", ""\""N-1,N-2,N-3-Triisopentenylguanidine\"""", ""\""Nectandrin B\"""", ""\""Nilocetin\"""", ""\""(+)-Erythravine\"""", ""\""Glycocitrine-I\"""", ""\""Citrusinine-I\"""", ""\""citrusinine-I\"""", ""\""Hispidol A\"""", ""\""Glycocitrine-IV\"""", ""\""(-)-Spectalinine\"""", ""\""4-Nerolidilcatechol\"""", ""\""Tagitinin C\"""", ""\""Farnisine\"""", ""\""Strictosidine acid\"""", ""\""Ricinine\"""", ""\""Citrusinine-II\"""", ""\""Epi-guaiacin\"""", ""\""Teucrein\"""", ""\""Citibrasine\"""", ""\""\u03b1-eudesmol\"""", ""\""Picramnioside F\"""", ""\""(E)-piplartine\"""", ""\""fumiquinozoline F\"""", ""\""Casearupestrin D\"""", ""\""2-n-Pentylquinoline\"""", ""\""2-(1'-pentenyl)-Quinoline\"""", ""\""Methyl (E)-6,7,8-trimethoxycinnamate\"""", ""\""Hinesol\"""", ""\""des-N-methylnoracronycine\"""", ""\""2,7-Di-O-acetylcasearupestrin A\"""", ""\""Catechin, Ent-catechin\"""", ""\""N-[10- (13,14-methylenedioxyphenyl)-7(E)-pentaenoyl]-pyrrolidine\"""", ""\""Casearupestrin C\"""", ""\""Piscidinol A\"""", ""\""Tetrahydropiperyline, N-[10-(13,14-methylenedioxyphenyl)-pentanoyl]-pyrrolidine\"""", ""\""2-n-nonyl-4-quinolone\"""", ""\""(3Z,5Z)-N-isobutyl-8-(30,40-methylenedioxy-phenyl)-heptadienamide\"""", ""\""6-methoxyeugenin\"""", ""\""Methyl 6,7,8-trimethoxydihydrocinnamate\"""", ""\""Casearin T\"""", ""\""2,6-di-O-acetylcasearupestrin D\""""]]","doi_name"
"[""10.1021/np800612x"", ""Nitensidine E""]","[""10.1021/np800612x"", [""\""Nitensidine E\"""", ""\""Nitensidine A\"""", ""\""Nitensidine D\"""", ""\""Nitensidine B\"""", ""\""Nitensidine C\"""", ""\""Nitensoside A; Sorbifolin 6-O-\u03b1-rhamnopyranosyl(1'''\u21926'')-\u03b2-glucopyranoside\"""", ""\""Nitensoside B; Pedalitin 6-O-\u03b1-rhamnopyranosyl(1'''\u21926'')-\u03b2-glucopyranoside\"""", ""\""N-acetylnonaine\"""", ""\""Eugenitin\"""", ""\""N-1,N-2,N-3-Triisopentenylguanidine\"""", ""\""Nectandrin B\"""", ""\""Nilocetin\"""", ""\""(+)-Erythravine\"""", ""\""Glycocitrine-I\"""", ""\""Citrusinine-I\"""", ""\""citrusinine-I\"""", ""\""Hispidol A\"""", ""\""Glycocitrine-IV\"""", ""\""(-)-Spectalinine\"""", ""\""4-Nerolidilcatechol\"""", ""\""Tagitinin C\"""", ""\""Farnisine\"""", ""\""Strictosidine acid\"""", ""\""Ricinine\"""", ""\""Citrusinine-II\"""", ""\""Epi-guaiacin\"""", ""\""Teucrein\"""", ""\""Citibrasine\"""", ""\""\u03b1-eudesmol\"""", ""\""Picramnioside F\"""", ""\""(E)-piplartine\"""", ""\""fumiquinozoline F\"""", ""\""Casearupestrin D\"""", ""\""2-n-Pentylquinoline\"""", ""\""2-(1'-pentenyl)-Quinoline\"""", ""\""Methyl (E)-6,7,8-trimethoxycinnamate\"""", ""\""Hinesol\"""", ""\""des-N-methylnoracronycine\"""", ""\""2,7-Di-O-acetylcasearupestrin A\"""", ""\""Catechin, Ent-catechin\"""", ""\""N-[10- (13,14-methylenedioxyphenyl)-7(E)-pentaenoyl]-pyrrolidine\"""", ""\""Casearupestrin C\"""", ""\""Piscidinol A\"""", ""\""Tetrahydropiperyline, N-[10-(13,14-methylenedioxyphenyl)-pentanoyl]-pyrrolidine\"""", ""\""2-n-nonyl-4-quinolone\"""", ""\""(3Z,5Z)-N-isobutyl-8-(30,40-methylenedioxy-phenyl)-heptadienamide\"""", ""\""6-methoxyeugenin\"""", ""\""Methyl 6,7,8-trimethoxydihydrocinnamate\"""", ""\""Casearin T\"""", ""\""2,6-di-O-acetylcasearupestrin D\""""]]","doi_name"
"[""10.1021/np9704617"", ""Viburgenin""]","[""10.1021/np9704617"", [""\""Chaetoglobosin B\"""", ""\""Procyanidin B-3\"""", ""\""1-O-(E)-caffeoyl-\u03b2-D-glucopyranoside\"""", ""\""1,6-di-O-caffeoyl-\u03b2-D-glucopyranoside\"""", ""\""Nitensoside B; Pedalitin 6-O-\u03b1-rhamnopyranosyl(1'''\u21926'')-\u03b2-glucopyranoside\"""", ""\""1-O-(E)-feruloyl-\u03b2-D-glucopyranoside\"""", ""\""3,21-Di-epi-feroniellide B\"""", ""\""Kaempferol-3-O-D-glucopyranoside\"""", ""\""Nitensoside A; Sorbifolin 6-O-\u03b1-rhamnopyranosyl(1'''\u21926'')-\u03b2-glucopyranoside\"""", ""\""Kaempferol-3-O-D-galactopyranoside\"""", ""\""6'-Acetyl-\u03b2-D-glucopyranosyldiderroside\"""", ""\""Pterogynoside; Kaempferol-3-O-(3''-O-4'''-methylgallate-\u03b1-L-rhamnoside)\"""", ""\""2-butyl-D-fructofuranoside\"""", ""\""Sorbifolin 6-O-\u03b2-glucopyranoside\"""", ""\""Kaempferol-3-O-\u03b1-L-rhamnopyranosyl-(1-6)-\u03b1-L-rhamnopyranosyl-(1-4)-\u03b2-D-glucopyranoside\"""", ""\""Kaempferol-3-O-\u03b1-L-rhamnopyranosyl-(1\u21926)-\u03b2-D-galactopyranoside\"""", ""\""Oleanolic acid 3-sophoroside\"""", ""\""Kaempferol-3-O-rutinoside\"""", ""\""2-oxo-piperol B; (7S*, 8R*, 1R*, 3R*)-3,4,5-trimethoxy-3,7-cyclo-8,1-neolig-8-ene-2,4(3H)-dione\"""", ""\""Ixoside\"""", ""\""1,3,5-trihydroxy- 2,8-bis(3-methylbut-2-enyl)-10-methyl-9-acridone\"""", ""\""3,4,5-Trimethoxyphenyl-1-O-\u03b2-D-(5-O-syringoyl)-apiofuranosyl-(1\u21926)-\u03b2-D-glucopyranoside\"""", ""\""3,4,5-trimethoxyphenyl 1-O-\u03b2-D-apiofuranosyl-(1\u21926)-O-\u03b2-D-glucopyranoside\"""", ""\""Chrysoeriol\"""", ""\""Pedalin, pedalitin 6-O-\u03b2 -glucopyranoside\"""", ""\""2,7-Di-O-acetylcasearupestrin A\"""", ""\""Piperaduncine B\"""", ""\""urauchimycin B\"""", ""\""3\u03b2-O-[\u03b1-L-rhamnopyranosyl-(1\u21922)-O-\u03b2-D-glucopyranosyl-(1\u21922)-O-\u03b2-D-glucopyranosyl]-28-O-\u03b2-D-glucopyranoside pomolate\"""", ""\""Apodanthoside\"""", ""\""Podocarpusflavone A\"""", ""\""schaftoside\"""", ""\""Piperol B\"""", ""\""Casearupestrin B\"""", ""\""Sinapyl 4-O-\u03b2-D-glucopyranoside aldehyde\"""", ""\""11\u03b2-acetoxyobacunone\"""", ""\""Sinapyl 4-O-\u03b2-D-glucopyranoside alcohol\"""", ""\""1,3,5-trihydroxy-4-methoxy-10-methyl- 2,8-bis(3-methylbut-2-enyl)acridin-9(10H)-one\"""", ""\""19,20-Epoxycytochalasin C\"""", ""\""Diderroside\"""", ""\""Galioside\"""", ""\""2\u03b2-Hydroxyzuelanin-6\u03b2-cinnamate\"""", ""\""\u03b2-photogedunin\"""", ""\""Phomopsilactone\"""", ""\""Isoswertisin-2''\u03b11-L-rhamnoside\"""", ""\""\u03b2-Sitosterol benzoate\"""", ""\""19,20-Epoxycytochalasin D\"""", ""\""19,20-Epoxycytochalasin R\"""", ""\""\u03b1-L-xylopyranosyl-(4\""\u219220)-(3-O-\u03b2-D-glucopyranosyl)-1'-O-E-caffeoyl-\u03b2-D-glucopyranoside\"""", ""\""Piscidinol A\""""]]","doi_name"
"[""10.1055/s-0034-1368301"", ""Aphidicolin""]","[""10.1055/s-0034-1368301"", [""\""(22E,24R)-ergosta-4,6,8(14),22-tetraen-3-one\"""", ""\""22-hydroxytirucalla-7,24-diene-2,3-dione\"""", ""\""6\u03b1-acetoxy-14\u03b2,15\u03b2-epoxyazadirone\"""", ""\""Rel-(7R,8S,7'S,8'S)-4-hydroxy-4',5'-methylenedioxy-3,5,3'-trimethoxy-7,7'-epoxylignan\"""", ""\""Rel-(7R,8S,7'S,8'S)-4',5'-methylenedioxy-3,4,5,3'-tetramethoxy-7,7'-epoxylignan\"""", ""\""1-methoxy-3-hydroxy-3,10b-4,5a-diepoxy-8b-isobutyroyloxygermacr-11(13)-en-6a,12-olide\"""", ""\""Rel-(7R,8S,7'S,8'S)-9-hydroxy-4',5'-methylenedioxy-3,4,5,3'-tetramethoxy-7,7'-epoxylignan\"""", ""\""Rel-(7R,8S,7'S,8'S)-4'-hydroxy-3,4,5,3',5'-pentamethoxy-7,7'-epoxylignan\"""", ""\""1,2-dihydro- 3\u03b2-hydroxy-7-deacetoxy-7-oxogedunin\"""", ""\""Rel-(7R,8S,7'S,8'S)-4,5,4',5'-dimethylenedioxy-3,3'-dimethoxy-7,7'-epoxylignan\"""", ""\""(4R)-4,8-dihydroxy-\u03b1-tetralone\"""", ""\""(3R,4R)-4,7-Dihydroxymellein\"""", ""\""3\u03b2-hydroxy-stigmast-5-en-7-one; 24-\u03b2-7-oxositosterol\"""", ""\""24-methylene-3,22-dihydroxycholesterol\"""", ""\""21\u00b4-(3,4-Methylenedioxyphenyl)-henicosanoic acid\"""", ""\""6\u03b2-hydroxy-7-epigardoside methyl ester\"""", ""\""(3R,4R)-3,4-Dihydro-4,6-dihydroxy-3-methyl-1-oxo-1H-isochromene-5-carboxylic acid\"""", ""\""2-oxo-piperol B; (7S*, 8R*, 1R*, 3R*)-3,4,5-trimethoxy-3,7-cyclo-8,1-neolig-8-ene-2,4(3H)-dione\"""", ""\""3,4-dihydro-3,5,8-trihydroxy-6-methoxy-2,2,7-trimethyl-2Hpyrano[ 2,3-a]acridin-12(7H)-one\"""", ""\""2,3-dihydro-4,9-dihydroxy-2-(2-hydroxy-propan-2-yl)- 11-methoxy-10-methylfuro[3,2-b]acridin-5(10H)-one\"""", ""\""2\u03b1,3\u03b1-dihydroxyolean-12- en-28-oic acid\"""", ""\""Methyl-8-(ethanoyloxy)-2,2-dimethyl-2H-chromene-6-carboxylate\"""", ""\""1,3,5-trihydroxy-4-methoxy-10-methyl- 2,8-bis(3-methylbut-2-enyl)acridin-9(10H)-one\"""", ""\""(3-(2-(4-hydroxyphenyl)-2-oxoethyl)-5,6-dihydropyridin- 2(1H)-one)\"""", ""\""17-(3,4-Methylenedioxyphenyl)-heptadecanoic acid\"""", ""\""2,4-Dihydroxy-6-[(1'E,3'E)-penta-1', 3'-dienyl]-benzaldehyde\"""", ""\""3-(3',7 '-dimethyl-2',6 '-octadienyl)-4-methoxy-benzoic acid\"""", ""\""4-Methoxy-3-(3',7'-dimethylocta-2'-E-6'-dienyl)benzoic acid\"""", ""\""1-[3-(3,7-dimethylocta-2,6-dien-1-yl)-2,4,6- trihydroxyphenyl]-3-(4-hydroxyphenyl)propan-1-one\"""", ""\""2',6'-Dihydroxy-4'-methoxydihydrochalcone\"""", ""\""1,4-Dihydroxy-2-(3',7'-dimethyl-1'-oxo-2'-E-6'-octadienyl)benzene\"""", ""\""4-Hydroxy-3-(3',7'-dimethylocta-2'-E-6'-dienyl)benzoic acid\"""", ""\""2\u03b1,3\u03b1-Dihydroxy-urs-12-en-28-oic acid\"""", ""\""4-Hydroxy-(3',7'-dimethyl-1'-oxo-octa-2'-E-6'-dienyl)benzoic acid\"""", ""\""1,3,5-trihydroxy- 2,8-bis(3-methylbut-2-enyl)-10-methyl-9-acridone\"""", ""\""2-methyl-5-[8(Z),11(Z),14-pentadecatrienyl]resorcinol\"""", ""\""Methyl-8-hydroxy-2,2-dimethyl-2H-chromene-6-carboxylate\"""", ""\""8-hydroxy-3,5,7,3',4',5'-hexamethoxyflavonol\"""", ""\""2',5-dihydroxy-3-methoxy-8-dimethylallyl-6, 7-(2' ',2''-dimethylpyrano)-dihydroflavonol\"""", ""\""(-) Cis-4-hydroxy-6-deoxyscytalone\"""", ""\""3,11-dioxoolean-12-en-28- onic acid\"""", ""\""12\u2032-hydroxy-7\u2032-multijuguinone\"""", ""\""(3Z,5Z)-N-isobutyl-8-(30,40-methylenedioxy-phenyl)-heptadienamide\"""", ""\""8,9-dihydropiplartine; N-(12,13,14-trimethoxydihydrocinnamoyl)-\u03943-pyridin-2-one\"""", ""\""5-[8(Z),11(Z),14-pentadecatrienyl]resorcinol\"""", ""\""5,7-dimethoxy-2,2-dimethyl-2H-1-benzopyran-6-propanoate\"""", ""\""N-[10-(13,14-methylenedioxyphenyl)-7(E),9(Z)-pentadienoyl]-pyrrolidine\"""", ""\""4-Hydroxy-(3',7'-dimethyl-1'-oxo-octa-2'-Z-6'-dienyl)benzoic acid\"""", ""\""7-hydroxy-3- (11-dimethylallyl)-8-methoxycoumarin\"""", ""\""N-[10- (13,14-methylenedioxyphenyl)-7(E)-pentaenoyl]-pyrrolidine\""""]]","doi_name"
"[""10.1055/s-2002-36346"", ""Stearic acid 4-pentoyloxyphenethyl ester""]","[""10.1055/s-2002-36346"", [""\""Austdiol\"""", ""\""Austdiol diacetate\"""", ""\""Burchellin\"""", ""\""Casearupestrin B\"""", ""\""urauchimycin B\"""", ""\""Periconicin B\"""", ""\""Nectandrin B\"""", ""\""Leptophyllin A\"""", ""\""polypodine B\"""", ""\""Piperol B\"""", ""\""Chaetoglobosin B\"""", ""\""Casearupestrin A\"""", ""\""\u03b2-photogedunin\"""", ""\""Piperaduncine B\"""", ""\""Caseobliquin A\"""", ""\""Nitensidine B\"""", ""\""neoisoastilbin\"""", ""\""Methyl angolensate\"""", ""\""2,7-Di-O-acetylcasearupestrin A\"""", ""\""Mycoleptone B\"""", ""\""Xanthyletin\"""", ""\""Podocarpusflavone A\"""", ""\""urauchimycin A\"""", ""\""acacetin\"""", ""\""Benzylhydroxymethyl sulphide\"""", ""\""2,6-di-O-acetylcasearupestrin D\"""", ""\""Piscidinol A\"""", ""\""Chalepin\"""", ""\""Skimmianine\"""", ""\""Leiokinine A\"""", ""\""Casearupestrin C\"""", ""\""Tagitinin C\"""", ""\""Casearin T\"""", ""\""Arboreumine\"""", ""\""Casearupestrin D\"""", ""\""Hinesol\"""", ""\""stachysterone\"""", ""\""Chrysoeriol\"""", ""\""Platydesmine\"""", ""\""Salacin\"""", ""\""Haplotusine\"""", ""\""scillascillin\"""", ""\""Cytochalasin D\"""", ""\""3,21-Di-epi-feroniellide B\"""", ""\""\u03b1-Gardiol\"""", ""\""Photogedunin\"""", ""\""\u03b1-eudesmol\"""", ""\""N-acetylnonaine\"""", ""\""atalaphyllinine\"""", ""\""Eugenitin\""""]]","doi_name"
"[""10.1080/14786410412331271979"", ""(\u00b1)-Syringaresinol""]","[""10.1080/14786410412331271979"", [""\""Homoegonol\"""", ""\""Egonol\"""", ""\""Eugenitin\"""", ""\""\u03b3-eudesmol\"""", ""\""6-methoxyeugenin\"""", ""\""\u03b1-eudesmol\"""", ""\""Odoratol\"""", ""\""Fagaramide\"""", ""\""9-hydroxyeugenin\"""", ""\""Cognatine\"""", ""\""Photogedunin\"""", ""\""amorphispironone\"""", ""\""N-acetylnonaine\"""", ""\""Secoxyloganin\"""", ""\""Galioside aglicone\"""", ""\""\u03b2-photogedunin\"""", ""\""Iso-odoratol\"""", ""\""Haplotusine\"""", ""\""Epi-guaiacin\"""", ""\""Hinesol\"""", ""\""Amentoflavone\"""", ""\""Orcinol\"""", ""\""Galioside\"""", ""\""Netzahualcoyonol\"""", ""\""\u03b1-Gardiol\"""", ""\""Phomopsilactone\"""", ""\""Netzahualcoyondiol\"""", ""\""Sargachromenol\"""", ""\""Chrysoeriol\"""", ""\""4-Hydroxymellein\"""", ""\""[8]-gingerol\"""", ""\""cryptomeridiol\"""", ""\""acacetin\"""", ""\""Ourateacatechin\"""", ""\""toonacilin\"""", ""\""Di-hydrodehydrodiconiferyl alcohol\"""", ""\""Odoratone\"""", ""\""Isopimpinellin\"""", ""\""Deoxycordifoline\"""", ""\""fraxinellonone\"""", ""\""Nilocetin\"""", ""\""Pentaol\"""", ""\""Tithonine\"""", ""\""Methyl angolensate\"""", ""\""Teucrein\"""", ""\""Arboreumine\"""", ""\""Cabraleadiol\"""", ""\""Acetonide of odoratol\"""", ""\""Anhydrofusarubin\"""", ""\""\u03b2-Gardiol\""""]]","doi_name"
"[""10.1080/14786410412331271979"", ""Homoegonol""]","[""10.1080/14786410412331271979"", [""\""Homoegonol\"""", ""\""Egonol\"""", ""\""Eugenitin\"""", ""\""\u03b3-eudesmol\"""", ""\""6-methoxyeugenin\"""", ""\""\u03b1-eudesmol\"""", ""\""Odoratol\"""", ""\""Fagaramide\"""", ""\""9-hydroxyeugenin\"""", ""\""Cognatine\"""", ""\""Photogedunin\"""", ""\""amorphispironone\"""", ""\""N-acetylnonaine\"""", ""\""Secoxyloganin\"""", ""\""Galioside aglicone\"""", ""\""\u03b2-photogedunin\"""", ""\""Iso-odoratol\"""", ""\""Haplotusine\"""", ""\""Epi-guaiacin\"""", ""\""Hinesol\"""", ""\""Amentoflavone\"""", ""\""Orcinol\"""", ""\""Galioside\"""", ""\""Netzahualcoyonol\"""", ""\""\u03b1-Gardiol\"""", ""\""Phomopsilactone\"""", ""\""Netzahualcoyondiol\"""", ""\""Sargachromenol\"""", ""\""Chrysoeriol\"""", ""\""4-Hydroxymellein\"""", ""\""[8]-gingerol\"""", ""\""cryptomeridiol\"""", ""\""acacetin\"""", ""\""Ourateacatechin\"""", ""\""toonacilin\"""", ""\""Di-hydrodehydrodiconiferyl alcohol\"""", ""\""Odoratone\"""", ""\""Isopimpinellin\"""", ""\""Deoxycordifoline\"""", ""\""fraxinellonone\"""", ""\""Nilocetin\"""", ""\""Pentaol\"""", ""\""Tithonine\"""", ""\""Methyl angolensate\"""", ""\""Teucrein\"""", ""\""Arboreumine\"""", ""\""Cabraleadiol\"""", ""\""Acetonide of odoratol\"""", ""\""Anhydrofusarubin\"""", ""\""\u03b2-Gardiol\""""]]","doi_name"
"[""10.1080/14786410412331271979"", ""Egonol""]","[""10.1080/14786410412331271979"", [""\""Homoegonol\"""", ""\""Egonol\"""", ""\""Eugenitin\"""", ""\""\u03b3-eudesmol\"""", ""\""6-methoxyeugenin\"""", ""\""\u03b1-eudesmol\"""", ""\""Odoratol\"""", ""\""Fagaramide\"""", ""\""9-hydroxyeugenin\"""", ""\""Cognatine\"""", ""\""Photogedunin\"""", ""\""amorphispironone\"""", ""\""N-acetylnonaine\"""", ""\""Secoxyloganin\"""", ""\""Galioside aglicone\"""", ""\""\u03b2-photogedunin\"""", ""\""Iso-odoratol\"""", ""\""Haplotusine\"""", ""\""Epi-guaiacin\"""", ""\""Hinesol\"""", ""\""Amentoflavone\"""", ""\""Orcinol\"""", ""\""Galioside\"""", ""\""Netzahualcoyonol\"""", ""\""\u03b1-Gardiol\"""", ""\""Phomopsilactone\"""", ""\""Netzahualcoyondiol\"""", ""\""Sargachromenol\"""", ""\""Chrysoeriol\"""", ""\""4-Hydroxymellein\"""", ""\""[8]-gingerol\"""", ""\""cryptomeridiol\"""", ""\""acacetin\"""", ""\""Ourateacatechin\"""", ""\""toonacilin\"""", ""\""Di-hydrodehydrodiconiferyl alcohol\"""", ""\""Odoratone\"""", ""\""Isopimpinellin\"""", ""\""Deoxycordifoline\"""", ""\""fraxinellonone\"""", ""\""Nilocetin\"""", ""\""Pentaol\"""", ""\""Tithonine\"""", ""\""Methyl angolensate\"""", ""\""Teucrein\"""", ""\""Arboreumine\"""", ""\""Cabraleadiol\"""", ""\""Acetonide of odoratol\"""", ""\""Anhydrofusarubin\"""", ""\""\u03b2-Gardiol\""""]]","doi_name"
"[""10.1080/14786419.2011.647020"", ""(3-(2-(4-hydroxyphenyl)-2-oxoethyl)-5,6-dihydropyridin- 2(1H)-one)""]","[""10.1080/14786419.2011.647020"", [""\""(3-(2-(4-hydroxyphenyl)-2-oxoethyl)-5,6-dihydropyridin- 2(1H)-one)\"""", ""\""3,4-dihydro-3,5,8-trihydroxy-6-methoxy-2,2,7-trimethyl-2Hpyrano[ 2,3-a]acridin-12(7H)-one\"""", ""\""1-[3-(3,7-dimethylocta-2,6-dien-1-yl)-2,4,6- trihydroxyphenyl]-3-(4-hydroxyphenyl)propan-1-one\"""", ""\""1,3,5-trihydroxy-4-methoxy-10-methyl- 2,8-bis(3-methylbut-2-enyl)acridin-9(10H)-one\"""", ""\""2,3-dihydro-4,9-dihydroxy-2-(2-hydroxy-propan-2-yl)- 11-methoxy-10-methylfuro[3,2-b]acridin-5(10H)-one\"""", ""\""8,9-dihydropiplartine; N-(12,13,14-trimethoxydihydrocinnamoyl)-\u03943-pyridin-2-one\"""", ""\""1,4-Dihydroxy-2-(3',7'-dimethyl-1'-oxo-2'-E-6'-octadienyl)benzene\"""", ""\""N-[7-(3',4'-methylenedioxyphenyl)-2(Z),4(Z)-heptadienoyl]pyrrolidine\"""", ""\""(3R,4R)-3,4-Dihydro-4,6-dihydroxy-3-methyl-1-oxo-1H-isochromene-5-carboxylic acid\"""", ""\""1-(5,7-dihydroxy-2,2-dimethylchroman- 6-yl)-3-[4-hydroxy-3-(3-methylbut-2-en-1-yl)- phenyl]propan-1-one\"""", ""\""5-(3'' -Hydroxypropyl)-7-methoxy-2-(3',4' -methyl-enedioxyphenyl)benzofuran\"""", ""\""1- (5,7-dihydroxy-2,2-dimethylchroman-6-yl)-3-(2,2-dimethylchroman- 6-yl)propan-1-one\"""", ""\""N-[3-(6'-methoxy-3',4'-methy-lenedioxyphenyl)-2(Z)-propenoyl]pyrrolidine\"""", ""\""5,7-dimethoxy-2,2-dimethyl-2H-1-benzopyran-6-propanoate\"""", ""\""2,4-Dihydroxy-6-[(1'E,3'E)-penta-1', 3'-dienyl]-benzaldehyde\"""", ""\""2-phenyl-4H-chromen-4-one\"""", ""\""1,3,5-trihydroxy- 2,8-bis(3-methylbut-2-enyl)-10-methyl-9-acridone\"""", ""\""1-(5,7-dihydroxy-2,2-dimethylchroman-6-yl)-3-(1,1,4a-trimethyl-2,3,4,4a,9a-hexahydro-1H-xanthen-7-yl)propan-1-one\"""", ""\""4-Hydroxy-(3',7'-dimethyl-1'-oxo-octa-2'-Z-6'-dienyl)benzoic acid\"""", ""\""2-Methyl-5-methoxy-benzopyran-4-one\"""", ""\""3-(3',7 '-dimethyl-2',6 '-octadienyl)-4-methoxy-benzoic acid\"""", ""\""4-Hydroxy-(3',7'-dimethyl-1'-oxo-octa-2'-E-6'-dienyl)benzoic acid\"""", ""\""5,7-dimethoxy-2,2-dimethyl-2H-1-benzopyran-6-propanoic acid\"""", ""\""2',5-dihydroxy-3-methoxy-8-dimethylallyl-6, 7-(2' ',2''-dimethylpyrano)-dihydroflavonol\"""", ""\""3,4-dimethyl-2-(4'-hydroxy-3',5'-dimethoxyphenyl)-5-methoxy-tetrahydrofuran\"""", ""\""(2'S)-2-(propan-2'-ol)-5-hydroxy-benzopyran-4-one\"""", ""\""1,2-dihydro- 3\u03b2-hydroxy-7-deacetoxy-7-oxogedunin\"""", ""\""2-(3',4'-methylenedioxyphenylethyl)-Quinoline\"""", ""\""N-[10-(13,14-methylenedioxyphenyl)-7(E),9(Z)-pentadienoyl]-pyrrolidine\"""", ""\""4-Hydroxy-3-(3',7'-dimethyl-3'-hydroxy-1'-oxo-6'-octenyl)benzoic acid\"""", ""\""4-Hydroxy-3-(3',7'-dimethylocta-2'-E-6'-dienyl)benzoic acid\"""", ""\""2-oxo-piperol B; (7S*, 8R*, 1R*, 3R*)-3,4,5-trimethoxy-3,7-cyclo-8,1-neolig-8-ene-2,4(3H)-dione\"""", ""\""2'-hydroxy-3,4,4'-trimethoxy-5',6'-(2'',2''-dimethylpyrano)-chalcone\"""", ""\""N-[10- (13,14-methylenedioxyphenyl)-7(E)-pentaenoyl]-pyrrolidine\"""", ""\""4-Methoxy-3-(3',7'-dimethylocta-2'-E-6'-dienyl)benzoic acid\"""", ""\""2-(1'-pentenyl)-Quinoline\"""", ""\""Methyl (3R,4R,5R)-3-{[(2E)-3-(3,4-dihydroxyphenyl)-2-propenoyl]oxy}-1,4,5-trihydroxycyclohexanecarboxylate\"""", ""\""Methyl (3R,4R,5R)-3-{[(2Z)-3-(3,4-dihydroxyphenyl)-2-propenoyl]oxy}-1,4,5-trihydroxycyclohexanecarboxylate\"""", ""\""(3R,4R)-4,7-Dihydroxymellein\"""", ""\""21\u00b4-(3,4-Methylenedioxyphenyl)-henicosanoic acid\"""", ""\""(4R)-4,8-dihydroxy-\u03b1-tetralone\"""", ""\""Methyl 2,2-dimethyl-1-oxo-2H-1-benzopyran-6-carboxylate\"""", ""\""2',6'-Dihydroxy-4'-methoxydihydrochalcone\"""", ""\""5-[3''-(\u03b2-D-glucopyranosyloxy)propyl]-7-methoxy-2-(3',4'-dimethoxyphenyl)benzofuran\"""", ""\""5-[3''-(\u03b2-D-glucopyranosyloxy)propyl]-7-methoxy-2-(3',4'-methylenedioxyphenyl)benzofuran\"""", ""\""2\u03b1,3\u03b1-dihydroxyolean-12- en-28-oic acid\"""", ""\""1-methoxy-3-hydroxy-3,10b-4,5a-diepoxy-8b-isobutyroyloxygermacr-11(13)-en-6a,12-olide\"""", ""\""4,5-dihydropiperyline\"""", ""\""2-(R)-Methyl-6-(S)-(tetradecyl-13'-one)-3(R)-O-tert-butyldimethylsilyl-piperidine\"""", ""\""17-(3,4-Methylenedioxyphenyl)-heptadecanoic acid\""""]]","doi_name"
"[""10.1248/cpb.56.723"", ""Pedalitin""]","[""10.1248/cpb.56.723"", [""\""Pedalitin\"""", ""\""Pedalin, pedalitin 6-O-\u03b2 -glucopyranoside\"""", ""\""Isopimpinellin\"""", ""\""Pellitorine\"""", ""\""2-Episesalatin\"""", ""\""Salacin\"""", ""\""acacetin\"""", ""\""toonacilin\"""", ""\""Piperovatine\"""", ""\""Nitensoside B; Pedalitin 6-O-\u03b1-rhamnopyranosyl(1'''\u21926'')-\u03b2-glucopyranoside\"""", ""\""Turbinatine\"""", ""\""Sesartemin\"""", ""\""Ourateacatechin\"""", ""\""Eugenitin\"""", ""\""Aphidicolin\"""", ""\""Photogedunin\"""", ""\""Cabraleadiol\"""", ""\""Tagitinin C\"""", ""\""4,5-dihydropiperyline\"""", ""\""Plumericin\"""", ""\""polypodine B\"""", ""\""Nilocetin\"""", ""\""Maytenin, Tingenone\"""", ""\""taxifolin\"""", ""\""Tithonine\"""", ""\""Xanthyletin\"""", ""\""(E)-piplartine\"""", ""\""atalaphyllinine\"""", ""\""Fasciculiferin\"""", ""\""Orcinol\"""", ""\""Haplotusine\"""", ""\""Teucrein\"""", ""\""Piscidinol A\"""", ""\""Sorbifolin\"""", ""\""Piperine\"""", ""\""Leptophyllin A\"""", ""\""Pentaol\"""", ""\""Clusifoliol\"""", ""\""Platydesmine\"""", ""\""Periconicin B\"""", ""\""Phomopsilactone\"""", ""\""Liriodenine\"""", ""\""fraxinellone\"""", ""\""scillascillin\"""", ""\""\u03b2-photogedunin\"""", ""\""Citibrasine\"""", ""\""Egonol\"""", ""\""neoisoastilbin\"""", ""\""Pyranofoline\"""", ""\""Anhydrofusarubin\""""]]","doi_name"
"[""10.1248/cpb.56.723"", ""Nitensoside B; Pedalitin 6-O-\u03b1-rhamnopyranosyl(1'''\u21926'')-\u03b2-glucopyranoside""]","[""10.1248/cpb.56.723"", [""\""Pedalitin\"""", ""\""Pedalin, pedalitin 6-O-\u03b2 -glucopyranoside\"""", ""\""Isopimpinellin\"""", ""\""Pellitorine\"""", ""\""2-Episesalatin\"""", ""\""Salacin\"""", ""\""acacetin\"""", ""\""toonacilin\"""", ""\""Piperovatine\"""", ""\""Nitensoside B; Pedalitin 6-O-\u03b1-rhamnopyranosyl(1'''\u21926'')-\u03b2-glucopyranoside\"""", ""\""Turbinatine\"""", ""\""Sesartemin\"""", ""\""Ourateacatechin\"""", ""\""Eugenitin\"""", ""\""Aphidicolin\"""", ""\""Photogedunin\"""", ""\""Cabraleadiol\"""", ""\""Tagitinin C\"""", ""\""4,5-dihydropiperyline\"""", ""\""Plumericin\"""", ""\""polypodine B\"""", ""\""Nilocetin\"""", ""\""Maytenin, Tingenone\"""", ""\""taxifolin\"""", ""\""Tithonine\"""", ""\""Xanthyletin\"""", ""\""(E)-piplartine\"""", ""\""atalaphyllinine\"""", ""\""Fasciculiferin\"""", ""\""Orcinol\"""", ""\""Haplotusine\"""", ""\""Teucrein\"""", ""\""Piscidinol A\"""", ""\""Sorbifolin\"""", ""\""Piperine\"""", ""\""Leptophyllin A\"""", ""\""Pentaol\"""", ""\""Clusifoliol\"""", ""\""Platydesmine\"""", ""\""Periconicin B\"""", ""\""Phomopsilactone\"""", ""\""Liriodenine\"""", ""\""fraxinellone\"""", ""\""scillascillin\"""", ""\""\u03b2-photogedunin\"""", ""\""Citibrasine\"""", ""\""Egonol\"""", ""\""neoisoastilbin\"""", ""\""Pyranofoline\"""", ""\""Anhydrofusarubin\""""]]","doi_name"
"[""10.1248/cpb.56.723"", ""Nitensoside A; Sorbifolin 6-O-\u03b1-rhamnopyranosyl(1'''\u21926'')-\u03b2-glucopyranoside""]","[""10.1248/cpb.56.723"", [""\""Pedalitin\"""", ""\""Pedalin, pedalitin 6-O-\u03b2 -glucopyranoside\"""", ""\""Isopimpinellin\"""", ""\""Pellitorine\"""", ""\""2-Episesalatin\"""", ""\""Salacin\"""", ""\""acacetin\"""", ""\""toonacilin\"""", ""\""Piperovatine\"""", ""\""Nitensoside B; Pedalitin 6-O-\u03b1-rhamnopyranosyl(1'''\u21926'')-\u03b2-glucopyranoside\"""", ""\""Turbinatine\"""", ""\""Sesartemin\"""", ""\""Ourateacatechin\"""", ""\""Eugenitin\"""", ""\""Aphidicolin\"""", ""\""Photogedunin\"""", ""\""Cabraleadiol\"""", ""\""Tagitinin C\"""", ""\""4,5-dihydropiperyline\"""", ""\""Plumericin\"""", ""\""polypodine B\"""", ""\""Nilocetin\"""", ""\""Maytenin, Tingenone\"""", ""\""taxifolin\"""", ""\""Tithonine\"""", ""\""Xanthyletin\"""", ""\""(E)-piplartine\"""", ""\""atalaphyllinine\"""", ""\""Fasciculiferin\"""", ""\""Orcinol\"""", ""\""Haplotusine\"""", ""\""Teucrein\"""", ""\""Piscidinol A\"""", ""\""Sorbifolin\"""", ""\""Piperine\"""", ""\""Leptophyllin A\"""", ""\""Pentaol\"""", ""\""Clusifoliol\"""", ""\""Platydesmine\"""", ""\""Periconicin B\"""", ""\""Phomopsilactone\"""", ""\""Liriodenine\"""", ""\""fraxinellone\"""", ""\""scillascillin\"""", ""\""\u03b2-photogedunin\"""", ""\""Citibrasine\"""", ""\""Egonol\"""", ""\""neoisoastilbin\"""", ""\""Pyranofoline\"""", ""\""Anhydrofusarubin\""""]]","doi_name"
"[""10.1248/cpb.56.723"", ""Sorbifolin""]","[""10.1248/cpb.56.723"", [""\""Pedalitin\"""", ""\""Pedalin, pedalitin 6-O-\u03b2 -glucopyranoside\"""", ""\""Isopimpinellin\"""", ""\""Pellitorine\"""", ""\""2-Episesalatin\"""", ""\""Salacin\"""", ""\""acacetin\"""", ""\""toonacilin\"""", ""\""Piperovatine\"""", ""\""Nitensoside B; Pedalitin 6-O-\u03b1-rhamnopyranosyl(1'''\u21926'')-\u03b2-glucopyranoside\"""", ""\""Turbinatine\"""", ""\""Sesartemin\"""", ""\""Ourateacatechin\"""", ""\""Eugenitin\"""", ""\""Aphidicolin\"""", ""\""Photogedunin\"""", ""\""Cabraleadiol\"""", ""\""Tagitinin C\"""", ""\""4,5-dihydropiperyline\"""", ""\""Plumericin\"""", ""\""polypodine B\"""", ""\""Nilocetin\"""", ""\""Maytenin, Tingenone\"""", ""\""taxifolin\"""", ""\""Tithonine\"""", ""\""Xanthyletin\"""", ""\""(E)-piplartine\"""", ""\""atalaphyllinine\"""", ""\""Fasciculiferin\"""", ""\""Orcinol\"""", ""\""Haplotusine\"""", ""\""Teucrein\"""", ""\""Piscidinol A\"""", ""\""Sorbifolin\"""", ""\""Piperine\"""", ""\""Leptophyllin A\"""", ""\""Pentaol\"""", ""\""Clusifoliol\"""", ""\""Platydesmine\"""", ""\""Periconicin B\"""", ""\""Phomopsilactone\"""", ""\""Liriodenine\"""", ""\""fraxinellone\"""", ""\""scillascillin\"""", ""\""\u03b2-photogedunin\"""", ""\""Citibrasine\"""", ""\""Egonol\"""", ""\""neoisoastilbin\"""", ""\""Pyranofoline\"""", ""\""Anhydrofusarubin\""""]]","doi_name"
"[""10.1248/cpb.56.723"", ""Pedalin, pedalitin 6-O-\u03b2 -glucopyranoside""]","[""10.1248/cpb.56.723"", [""\""Pedalitin\"""", ""\""Pedalin, pedalitin 6-O-\u03b2 -glucopyranoside\"""", ""\""Isopimpinellin\"""", ""\""Pellitorine\"""", ""\""2-Episesalatin\"""", ""\""Salacin\"""", ""\""acacetin\"""", ""\""toonacilin\"""", ""\""Piperovatine\"""", ""\""Nitensoside B; Pedalitin 6-O-\u03b1-rhamnopyranosyl(1'''\u21926'')-\u03b2-glucopyranoside\"""", ""\""Turbinatine\"""", ""\""Sesartemin\"""", ""\""Ourateacatechin\"""", ""\""Eugenitin\"""", ""\""Aphidicolin\"""", ""\""Photogedunin\"""", ""\""Cabraleadiol\"""", ""\""Tagitinin C\"""", ""\""4,5-dihydropiperyline\"""", ""\""Plumericin\"""", ""\""polypodine B\"""", ""\""Nilocetin\"""", ""\""Maytenin, Tingenone\"""", ""\""taxifolin\"""", ""\""Tithonine\"""", ""\""Xanthyletin\"""", ""\""(E)-piplartine\"""", ""\""atalaphyllinine\"""", ""\""Fasciculiferin\"""", ""\""Orcinol\"""", ""\""Haplotusine\"""", ""\""Teucrein\"""", ""\""Piscidinol A\"""", ""\""Sorbifolin\"""", ""\""Piperine\"""", ""\""Leptophyllin A\"""", ""\""Pentaol\"""", ""\""Clusifoliol\"""", ""\""Platydesmine\"""", ""\""Periconicin B\"""", ""\""Phomopsilactone\"""", ""\""Liriodenine\"""", ""\""fraxinellone\"""", ""\""scillascillin\"""", ""\""\u03b2-photogedunin\"""", ""\""Citibrasine\"""", ""\""Egonol\"""", ""\""neoisoastilbin\"""", ""\""Pyranofoline\"""", ""\""Anhydrofusarubin\""""]]","doi_name"
"[""10.1515/znb-2005-0715"", ""Syringaldehyde""]","[""10.1515/znb-2005-0715"", [""\""Platydesmine\"""", ""\""4,5-dihydropiperyline\"""", ""\""Pyranofoline\"""", ""\""Ourateacatechin\"""", ""\""Leptomerine\"""", ""\""Phomopsilactone\"""", ""\""Plumericin\"""", ""\""Xanthyletin\"""", ""\""Pellitorine\"""", ""\""(E)-piplartine\"""", ""\""Arboreumine\"""", ""\""taxifolin\"""", ""\""polypodine B\"""", ""\""schaftoside\"""", ""\""Piperyline, N-[10-(13,14-methylenedioxyphenyl)-7(E),9(E)-pentadienoyl]-pyrrolidine\"""", ""\""Liriodenine\"""", ""\""Cordifoline\"""", ""\""Deoxycordifoline\"""", ""\""Piscidinol A\"""", ""\""atalaphyllinine\"""", ""\""Chrysoeriol\"""", ""\""Canavaline\"""", ""\""Tetrahydropiperyline, N-[10-(13,14-methylenedioxyphenyl)-pentanoyl]-pyrrolidine\"""", ""\""Mycoleptone A tetraacetate\"""", ""\""Farnisine\"""", ""\""Haplotusine\"""", ""\""Aphidicolin\"""", ""\""Pedalitin\"""", ""\""Hispidol A\"""", ""\""Cytochalasin D\"""", ""\""Teucrein\"""", ""\""Diderroside\"""", ""\""Tithonine\"""", ""\""Galioside\"""", ""\""8,9-dihydropiplartine; N-(12,13,14-trimethoxydihydrocinnamoyl)-\u03943-pyridin-2-one\"""", ""\""4-Nerolidilcatechol\"""", ""\""Cabraleadiol\"""", ""\""19,20-Epoxycytochalasin D\"""", ""\""\u03b1-eudesmol\"""", ""\""19,20-Epoxycytochalasin N\"""", ""\""Picramnioside F\"""", ""\""des-N-methylnoracronycine\"""", ""\""Apodanthoside\"""", ""\""Muraxanthone\"""", ""\""stachysterone\"""", ""\""20-hydroxyecdysone; polypodine A\"""", ""\""fumiquinozoline F\"""", ""\""4-Hydroxymellein\"""", ""\""Casearupestrin A\"""", ""\""Casearupestrin D\""""]]","doi_name"
"[""10.1515/znb-2005-0715"", ""3\u03b2-hydroxy-stigmast-5-en-7-one; 24-\u03b2-7-oxositosterol""]","[""10.1515/znb-2005-0715"", [""\""Platydesmine\"""", ""\""4,5-dihydropiperyline\"""", ""\""Pyranofoline\"""", ""\""Ourateacatechin\"""", ""\""Leptomerine\"""", ""\""Phomopsilactone\"""", ""\""Plumericin\"""", ""\""Xanthyletin\"""", ""\""Pellitorine\"""", ""\""(E)-piplartine\"""", ""\""Arboreumine\"""", ""\""taxifolin\"""", ""\""polypodine B\"""", ""\""schaftoside\"""", ""\""Piperyline, N-[10-(13,14-methylenedioxyphenyl)-7(E),9(E)-pentadienoyl]-pyrrolidine\"""", ""\""Liriodenine\"""", ""\""Cordifoline\"""", ""\""Deoxycordifoline\"""", ""\""Piscidinol A\"""", ""\""atalaphyllinine\"""", ""\""Chrysoeriol\"""", ""\""Canavaline\"""", ""\""Tetrahydropiperyline, N-[10-(13,14-methylenedioxyphenyl)-pentanoyl]-pyrrolidine\"""", ""\""Mycoleptone A tetraacetate\"""", ""\""Farnisine\"""", ""\""Haplotusine\"""", ""\""Aphidicolin\"""", ""\""Pedalitin\"""", ""\""Hispidol A\"""", ""\""Cytochalasin D\"""", ""\""Teucrein\"""", ""\""Diderroside\"""", ""\""Tithonine\"""", ""\""Galioside\"""", ""\""8,9-dihydropiplartine; N-(12,13,14-trimethoxydihydrocinnamoyl)-\u03943-pyridin-2-one\"""", ""\""4-Nerolidilcatechol\"""", ""\""Cabraleadiol\"""", ""\""19,20-Epoxycytochalasin D\"""", ""\""\u03b1-eudesmol\"""", ""\""19,20-Epoxycytochalasin N\"""", ""\""Picramnioside F\"""", ""\""des-N-methylnoracronycine\"""", ""\""Apodanthoside\"""", ""\""Muraxanthone\"""", ""\""stachysterone\"""", ""\""20-hydroxyecdysone; polypodine A\"""", ""\""fumiquinozoline F\"""", ""\""4-Hydroxymellein\"""", ""\""Casearupestrin A\"""", ""\""Casearupestrin D\""""]]","doi_name"
"[""10.1515/znc-2002-5-602"", ""scillascillin""]","[""10.1515/znc-2002-5-602"", [""\""Leptomerine\"""", ""\""Kaempferitrin\"""", ""\""Tetrahydropiperyline, N-[10-(13,14-methylenedioxyphenyl)-pentanoyl]-pyrrolidine\"""", ""\""(4R)-4,8-dihydroxy-\u03b1-tetralone\"""", ""\""Mycoleptone A tetraacetate\"""", ""\""citrusinine-I\"""", ""\""Citrusinine-I\"""", ""\""1,3,5-trihydroxy- 2,8-bis(3-methylbut-2-enyl)-10-methyl-9-acridone\"""", ""\""Cuspanine; 1-hydroxy-2,3,5,6-tetramethoxy-9-acridone\"""", ""\""(+)-\u03b1-Hydroxyerysotrine\"""", ""\""amorphispironone\"""", ""\""1,3,5-trihydroxy-4-methoxy-10-methyl- 2,8-bis(3-methylbut-2-enyl)acridin-9(10H)-one\"""", ""\""N-[7-(3',4'-methylenedioxyphenyl)-2(Z),4(Z)-heptadienoyl]pyrrolidine\"""", ""\""Leiokinine A\"""", ""\""Teucrein\"""", ""\""Di(benzyltrithio) methane\"""", ""\""Glycocitrine-I\"""", ""\""penduletin 4-O-methyl ether\"""", ""\""Chrysoeriol\"""", ""\""Leptophyllin A\"""", ""\""1-methoxy-3-hydroxy-3,10b-4,5a-diepoxy-8b-isobutyroyloxygermacr-11(13)-en-6a,12-olide\"""", ""\""(-) Cis-4-hydroxy-6-deoxyscytalone\"""", ""\""2,7-Di-O-acetylcasearupestrin A\"""", ""\""Phomopsilactone\"""", ""\""Isopimpinellin\"""", ""\""N-[10- (13,14-methylenedioxyphenyl)-7(E)-pentaenoyl]-pyrrolidine\"""", ""\""Citrusinine-II\"""", ""\""7-Methoxydiderroside\"""", ""\""N-[3-(6'-methoxy-3',4'-methy-lenedioxyphenyl)-2(Z)-propenoyl]pyrrolidine\"""", ""\""2-oxo-piperol B; (7S*, 8R*, 1R*, 3R*)-3,4,5-trimethoxy-3,7-cyclo-8,1-neolig-8-ene-2,4(3H)-dione\"""", ""\""Anhydrofusarubin\"""", ""\""5-hydroxynoracronycine; Atalaphyllidine\"""", ""\""8,9-dihydropiplartine; N-(12,13,14-trimethoxydihydrocinnamoyl)-\u03943-pyridin-2-one\"""", ""\""3,4-dihydro-3,5,8-trihydroxy-6-methoxy-2,2,7-trimethyl-2Hpyrano[ 2,3-a]acridin-12(7H)-one\"""", ""\""6'-Acetyl-\u03b2-D-glucopyranosyldiderroside\"""", ""\""22-hydroxytirucalla-7,24-diene-2,3-dione\"""", ""\""Tithonine\"""", ""\""Isoplumericin\"""", ""\""(3Z,5Z)-N-isobutyl-8-(30,40-methylenedioxy-phenyl)-heptadienamide\"""", ""\""6\u03b1-acetoxy-14\u03b2,15\u03b2-epoxyazadirone\"""", ""\""Diderroside\"""", ""\""3,4,5-trimethoxyphenyl 1-O-\u03b2-D-apiofuranosyl-(1\u21926)-O-\u03b2-D-glucopyranoside\"""", ""\""Piperyline, N-[10-(13,14-methylenedioxyphenyl)-7(E),9(E)-pentadienoyl]-pyrrolidine\"""", ""\""Chaetoglobosin B\"""", ""\""N-1,N-2,N-3-Triisopentenylguanidine\"""", ""\""Cusculine; 1,2,3,5,6-pentamethoxy-9-acridone\"""", ""\""cryptomeridiol\"""", ""\""4-metoxi-6-[2-(metilamino)fenil]- 2H-piran-2-ona\"""", ""\""3,4,5-Trimethoxyphenyl-1-O-\u03b2-D-(5-O-syringoyl)-apiofuranosyl-(1\u21926)-\u03b2-D-glucopyranoside\"""", ""\""2-(R)-Methyl-6-(S)-(tetradecyl-13'-one)-3(R)-O-tert-butyldimethylsilyl-piperidine\""""]]","doi_name"
"[""10.1515/znc-2002-5-602"", ""amorphispironone""]","[""10.1515/znc-2002-5-602"", [""\""Leptomerine\"""", ""\""Kaempferitrin\"""", ""\""Tetrahydropiperyline, N-[10-(13,14-methylenedioxyphenyl)-pentanoyl]-pyrrolidine\"""", ""\""(4R)-4,8-dihydroxy-\u03b1-tetralone\"""", ""\""Mycoleptone A tetraacetate\"""", ""\""citrusinine-I\"""", ""\""Citrusinine-I\"""", ""\""1,3,5-trihydroxy- 2,8-bis(3-methylbut-2-enyl)-10-methyl-9-acridone\"""", ""\""Cuspanine; 1-hydroxy-2,3,5,6-tetramethoxy-9-acridone\"""", ""\""(+)-\u03b1-Hydroxyerysotrine\"""", ""\""amorphispironone\"""", ""\""1,3,5-trihydroxy-4-methoxy-10-methyl- 2,8-bis(3-methylbut-2-enyl)acridin-9(10H)-one\"""", ""\""N-[7-(3',4'-methylenedioxyphenyl)-2(Z),4(Z)-heptadienoyl]pyrrolidine\"""", ""\""Leiokinine A\"""", ""\""Teucrein\"""", ""\""Di(benzyltrithio) methane\"""", ""\""Glycocitrine-I\"""", ""\""penduletin 4-O-methyl ether\"""", ""\""Chrysoeriol\"""", ""\""Leptophyllin A\"""", ""\""1-methoxy-3-hydroxy-3,10b-4,5a-diepoxy-8b-isobutyroyloxygermacr-11(13)-en-6a,12-olide\"""", ""\""(-) Cis-4-hydroxy-6-deoxyscytalone\"""", ""\""2,7-Di-O-acetylcasearupestrin A\"""", ""\""Phomopsilactone\"""", ""\""Isopimpinellin\"""", ""\""N-[10- (13,14-methylenedioxyphenyl)-7(E)-pentaenoyl]-pyrrolidine\"""", ""\""Citrusinine-II\"""", ""\""7-Methoxydiderroside\"""", ""\""N-[3-(6'-methoxy-3',4'-methy-lenedioxyphenyl)-2(Z)-propenoyl]pyrrolidine\"""", ""\""2-oxo-piperol B; (7S*, 8R*, 1R*, 3R*)-3,4,5-trimethoxy-3,7-cyclo-8,1-neolig-8-ene-2,4(3H)-dione\"""", ""\""Anhydrofusarubin\"""", ""\""5-hydroxynoracronycine; Atalaphyllidine\"""", ""\""8,9-dihydropiplartine; N-(12,13,14-trimethoxydihydrocinnamoyl)-\u03943-pyridin-2-one\"""", ""\""3,4-dihydro-3,5,8-trihydroxy-6-methoxy-2,2,7-trimethyl-2Hpyrano[ 2,3-a]acridin-12(7H)-one\"""", ""\""6'-Acetyl-\u03b2-D-glucopyranosyldiderroside\"""", ""\""22-hydroxytirucalla-7,24-diene-2,3-dione\"""", ""\""Tithonine\"""", ""\""Isoplumericin\"""", ""\""(3Z,5Z)-N-isobutyl-8-(30,40-methylenedioxy-phenyl)-heptadienamide\"""", ""\""6\u03b1-acetoxy-14\u03b2,15\u03b2-epoxyazadirone\"""", ""\""Diderroside\"""", ""\""3,4,5-trimethoxyphenyl 1-O-\u03b2-D-apiofuranosyl-(1\u21926)-O-\u03b2-D-glucopyranoside\"""", ""\""Piperyline, N-[10-(13,14-methylenedioxyphenyl)-7(E),9(E)-pentadienoyl]-pyrrolidine\"""", ""\""Chaetoglobosin B\"""", ""\""N-1,N-2,N-3-Triisopentenylguanidine\"""", ""\""Cusculine; 1,2,3,5,6-pentamethoxy-9-acridone\"""", ""\""cryptomeridiol\"""", ""\""4-metoxi-6-[2-(metilamino)fenil]- 2H-piran-2-ona\"""", ""\""3,4,5-Trimethoxyphenyl-1-O-\u03b2-D-(5-O-syringoyl)-apiofuranosyl-(1\u21926)-\u03b2-D-glucopyranoside\"""", ""\""2-(R)-Methyl-6-(S)-(tetradecyl-13'-one)-3(R)-O-tert-butyldimethylsilyl-piperidine\""""]]","doi_name"
"[""10.1515/znc-2008-5-611"", ""2\u03b1,3\u03b1-dihydroxyolean-12- en-28-oic acid""]","[""10.1515/znc-2008-5-611"", [""\""arjunolic acid\"""", ""\""Oleanolic acid 3-sophoroside\"""", ""\""Oleanonic acid\"""", ""\""Juruenolic acid; 2-(4'-Methylpentenyl-3)-10-oxoundecan-2,6-dienoic acid\"""", ""\""Ferulic acid\"""", ""\""Alkenoic acid\"""", ""\""3-Acetyl aleuritolic acid\"""", ""\""p-Coumaric acid\"""", ""\""ellagic acid 4-O-\u03b1-L-rhamnopyranoside; eschweilenol C\"""", ""\""Chlorogenic acid\"""", ""\""Sargaquinoic acid\"""", ""\""Apodanthoside\"""", ""\""3-Oxoursolic acid\"""", ""\""Aphidicolin\"""", ""\""Arboreumine\"""", ""\""limonexic acid\"""", ""\""3-O-\u03b2-D-quinovopyranosyl cincholic acid\"""", ""\""1,6-di-O-caffeoyl-\u03b2-D-glucopyranoside\"""", ""\""Proanthocyanidin\"""", ""\""3,11-dioxoolean-12-en-28- onic acid\"""", ""\""Sinapic acid\"""", ""\""2\u03b1,3\u03b1-dihydroxyolean-12- en-28-oic acid\"""", ""\""Acetonide of odoratol\"""", ""\""acacetin\"""", ""\""Syringic acid\"""", ""\""Myrsinoic acid A, 3-Geranyl-4-hydroxy-5-(3'',3''-dimethylallyl)benzoic acid\"""", ""\""Methacrylic acid\"""", ""\""Procyanidin B-3\"""", ""\""urauchimycin A\"""", ""\""3-O-\u03b2-D-quinovopyranosyl quinovic acid\"""", ""\""Quercetin 3-O-sophoroside\"""", ""\""Orcinol\"""", ""\""Podocarpusflavone A\"""", ""\""8-hydroxy-6-methoxy-3-methylisocoumarin\"""", ""\""3,4,5-trimethoxyphenyl 1-O-\u03b2-D-apiofuranosyl-(1\u21926)-O-\u03b2-D-glucopyranoside\"""", ""\""2\u03b1,3\u03b1-Dihydroxy-urs-12-en-28-oic acid\"""", ""\""2,7-Di-O-acetylcasearupestrin A\"""", ""\""6'-Acetyl-\u03b2-D-glucopyranosyldiderroside\"""", ""\""Quercetin-3-O-\u03b1-L-rhamnopyranosyl-(1\u21926)-\u03b2-D-galactopyranoside\"""", ""\""Leptophyllin A\"""", ""\""Piscidinol A\"""", ""\""Pedalin, pedalitin 6-O-\u03b2 -glucopyranoside\"""", ""\""6-Hydroxy-rutin\"""", ""\""Kaempferol-3-O-\u03b1-L-rhamnopyranosyl-(1-6)-\u03b1-L-rhamnopyranosyl-(1-4)-\u03b2-D-glucopyranoside\"""", ""\""Heveaflavone\"""", ""\""7-hydroxy-3- (11-dimethylallyl)-8-methoxycoumarin\"""", ""\""2,6-di-O-acetylcasearupestrin D\"""", ""\""2\u03b1,3\u03b1,19\u03b1- trihydroxyurs-12-en-28-oic acid\"""", ""\""Kaempferol-3-O-D-glucopyranoside\"""", ""\""Austdiol diacetate\""""]]","doi_name"
"[""10.1515/znc-2008-5-611"", ""penduletin 4-O-methyl ether""]","[""10.1515/znc-2008-5-611"", [""\""arjunolic acid\"""", ""\""Oleanolic acid 3-sophoroside\"""", ""\""Oleanonic acid\"""", ""\""Juruenolic acid; 2-(4'-Methylpentenyl-3)-10-oxoundecan-2,6-dienoic acid\"""", ""\""Ferulic acid\"""", ""\""Alkenoic acid\"""", ""\""3-Acetyl aleuritolic acid\"""", ""\""p-Coumaric acid\"""", ""\""ellagic acid 4-O-\u03b1-L-rhamnopyranoside; eschweilenol C\"""", ""\""Chlorogenic acid\"""", ""\""Sargaquinoic acid\"""", ""\""Apodanthoside\"""", ""\""3-Oxoursolic acid\"""", ""\""Aphidicolin\"""", ""\""Arboreumine\"""", ""\""limonexic acid\"""", ""\""3-O-\u03b2-D-quinovopyranosyl cincholic acid\"""", ""\""1,6-di-O-caffeoyl-\u03b2-D-glucopyranoside\"""", ""\""Proanthocyanidin\"""", ""\""3,11-dioxoolean-12-en-28- onic acid\"""", ""\""Sinapic acid\"""", ""\""2\u03b1,3\u03b1-dihydroxyolean-12- en-28-oic acid\"""", ""\""Acetonide of odoratol\"""", ""\""acacetin\"""", ""\""Syringic acid\"""", ""\""Myrsinoic acid A, 3-Geranyl-4-hydroxy-5-(3'',3''-dimethylallyl)benzoic acid\"""", ""\""Methacrylic acid\"""", ""\""Procyanidin B-3\"""", ""\""urauchimycin A\"""", ""\""3-O-\u03b2-D-quinovopyranosyl quinovic acid\"""", ""\""Quercetin 3-O-sophoroside\"""", ""\""Orcinol\"""", ""\""Podocarpusflavone A\"""", ""\""8-hydroxy-6-methoxy-3-methylisocoumarin\"""", ""\""3,4,5-trimethoxyphenyl 1-O-\u03b2-D-apiofuranosyl-(1\u21926)-O-\u03b2-D-glucopyranoside\"""", ""\""2\u03b1,3\u03b1-Dihydroxy-urs-12-en-28-oic acid\"""", ""\""2,7-Di-O-acetylcasearupestrin A\"""", ""\""6'-Acetyl-\u03b2-D-glucopyranosyldiderroside\"""", ""\""Quercetin-3-O-\u03b1-L-rhamnopyranosyl-(1\u21926)-\u03b2-D-galactopyranoside\"""", ""\""Leptophyllin A\"""", ""\""Piscidinol A\"""", ""\""Pedalin, pedalitin 6-O-\u03b2 -glucopyranoside\"""", ""\""6-Hydroxy-rutin\"""", ""\""Kaempferol-3-O-\u03b1-L-rhamnopyranosyl-(1-6)-\u03b1-L-rhamnopyranosyl-(1-4)-\u03b2-D-glucopyranoside\"""", ""\""Heveaflavone\"""", ""\""7-hydroxy-3- (11-dimethylallyl)-8-methoxycoumarin\"""", ""\""2,6-di-O-acetylcasearupestrin D\"""", ""\""2\u03b1,3\u03b1,19\u03b1- trihydroxyurs-12-en-28-oic acid\"""", ""\""Kaempferol-3-O-D-glucopyranoside\"""", ""\""Austdiol diacetate\""""]]","doi_name"
"[""10.1515/znc-2008-5-611"", ""3,3-O-dimethylquercetin""]","[""10.1515/znc-2008-5-611"", [""\""arjunolic acid\"""", ""\""Oleanolic acid 3-sophoroside\"""", ""\""Oleanonic acid\"""", ""\""Juruenolic acid; 2-(4'-Methylpentenyl-3)-10-oxoundecan-2,6-dienoic acid\"""", ""\""Ferulic acid\"""", ""\""Alkenoic acid\"""", ""\""3-Acetyl aleuritolic acid\"""", ""\""p-Coumaric acid\"""", ""\""ellagic acid 4-O-\u03b1-L-rhamnopyranoside; eschweilenol C\"""", ""\""Chlorogenic acid\"""", ""\""Sargaquinoic acid\"""", ""\""Apodanthoside\"""", ""\""3-Oxoursolic acid\"""", ""\""Aphidicolin\"""", ""\""Arboreumine\"""", ""\""limonexic acid\"""", ""\""3-O-\u03b2-D-quinovopyranosyl cincholic acid\"""", ""\""1,6-di-O-caffeoyl-\u03b2-D-glucopyranoside\"""", ""\""Proanthocyanidin\"""", ""\""3,11-dioxoolean-12-en-28- onic acid\"""", ""\""Sinapic acid\"""", ""\""2\u03b1,3\u03b1-dihydroxyolean-12- en-28-oic acid\"""", ""\""Acetonide of odoratol\"""", ""\""acacetin\"""", ""\""Syringic acid\"""", ""\""Myrsinoic acid A, 3-Geranyl-4-hydroxy-5-(3'',3''-dimethylallyl)benzoic acid\"""", ""\""Methacrylic acid\"""", ""\""Procyanidin B-3\"""", ""\""urauchimycin A\"""", ""\""3-O-\u03b2-D-quinovopyranosyl quinovic acid\"""", ""\""Quercetin 3-O-sophoroside\"""", ""\""Orcinol\"""", ""\""Podocarpusflavone A\"""", ""\""8-hydroxy-6-methoxy-3-methylisocoumarin\"""", ""\""3,4,5-trimethoxyphenyl 1-O-\u03b2-D-apiofuranosyl-(1\u21926)-O-\u03b2-D-glucopyranoside\"""", ""\""2\u03b1,3\u03b1-Dihydroxy-urs-12-en-28-oic acid\"""", ""\""2,7-Di-O-acetylcasearupestrin A\"""", ""\""6'-Acetyl-\u03b2-D-glucopyranosyldiderroside\"""", ""\""Quercetin-3-O-\u03b1-L-rhamnopyranosyl-(1\u21926)-\u03b2-D-galactopyranoside\"""", ""\""Leptophyllin A\"""", ""\""Piscidinol A\"""", ""\""Pedalin, pedalitin 6-O-\u03b2 -glucopyranoside\"""", ""\""6-Hydroxy-rutin\"""", ""\""Kaempferol-3-O-\u03b1-L-rhamnopyranosyl-(1-6)-\u03b1-L-rhamnopyranosyl-(1-4)-\u03b2-D-glucopyranoside\"""", ""\""Heveaflavone\"""", ""\""7-hydroxy-3- (11-dimethylallyl)-8-methoxycoumarin\"""", ""\""2,6-di-O-acetylcasearupestrin D\"""", ""\""2\u03b1,3\u03b1,19\u03b1- trihydroxyurs-12-en-28-oic acid\"""", ""\""Kaempferol-3-O-D-glucopyranoside\"""", ""\""Austdiol diacetate\""""]]","doi_name"
"[""10.1515/znc-2008-5-611"", ""Chrysoeriol""]","[""10.1515/znc-2008-5-611"", [""\""arjunolic acid\"""", ""\""Oleanolic acid 3-sophoroside\"""", ""\""Oleanonic acid\"""", ""\""Juruenolic acid; 2-(4'-Methylpentenyl-3)-10-oxoundecan-2,6-dienoic acid\"""", ""\""Ferulic acid\"""", ""\""Alkenoic acid\"""", ""\""3-Acetyl aleuritolic acid\"""", ""\""p-Coumaric acid\"""", ""\""ellagic acid 4-O-\u03b1-L-rhamnopyranoside; eschweilenol C\"""", ""\""Chlorogenic acid\"""", ""\""Sargaquinoic acid\"""", ""\""Apodanthoside\"""", ""\""3-Oxoursolic acid\"""", ""\""Aphidicolin\"""", ""\""Arboreumine\"""", ""\""limonexic acid\"""", ""\""3-O-\u03b2-D-quinovopyranosyl cincholic acid\"""", ""\""1,6-di-O-caffeoyl-\u03b2-D-glucopyranoside\"""", ""\""Proanthocyanidin\"""", ""\""3,11-dioxoolean-12-en-28- onic acid\"""", ""\""Sinapic acid\"""", ""\""2\u03b1,3\u03b1-dihydroxyolean-12- en-28-oic acid\"""", ""\""Acetonide of odoratol\"""", ""\""acacetin\"""", ""\""Syringic acid\"""", ""\""Myrsinoic acid A, 3-Geranyl-4-hydroxy-5-(3'',3''-dimethylallyl)benzoic acid\"""", ""\""Methacrylic acid\"""", ""\""Procyanidin B-3\"""", ""\""urauchimycin A\"""", ""\""3-O-\u03b2-D-quinovopyranosyl quinovic acid\"""", ""\""Quercetin 3-O-sophoroside\"""", ""\""Orcinol\"""", ""\""Podocarpusflavone A\"""", ""\""8-hydroxy-6-methoxy-3-methylisocoumarin\"""", ""\""3,4,5-trimethoxyphenyl 1-O-\u03b2-D-apiofuranosyl-(1\u21926)-O-\u03b2-D-glucopyranoside\"""", ""\""2\u03b1,3\u03b1-Dihydroxy-urs-12-en-28-oic acid\"""", ""\""2,7-Di-O-acetylcasearupestrin A\"""", ""\""6'-Acetyl-\u03b2-D-glucopyranosyldiderroside\"""", ""\""Quercetin-3-O-\u03b1-L-rhamnopyranosyl-(1\u21926)-\u03b2-D-galactopyranoside\"""", ""\""Leptophyllin A\"""", ""\""Piscidinol A\"""", ""\""Pedalin, pedalitin 6-O-\u03b2 -glucopyranoside\"""", ""\""6-Hydroxy-rutin\"""", ""\""Kaempferol-3-O-\u03b1-L-rhamnopyranosyl-(1-6)-\u03b1-L-rhamnopyranosyl-(1-4)-\u03b2-D-glucopyranoside\"""", ""\""Heveaflavone\"""", ""\""7-hydroxy-3- (11-dimethylallyl)-8-methoxycoumarin\"""", ""\""2,6-di-O-acetylcasearupestrin D\"""", ""\""2\u03b1,3\u03b1,19\u03b1- trihydroxyurs-12-en-28-oic acid\"""", ""\""Kaempferol-3-O-D-glucopyranoside\"""", ""\""Austdiol diacetate\""""]]","doi_name"
"[""10.1515/znc-2008-5-611"", ""3,7,4-O-trimethylkaempferol""]","[""10.1515/znc-2008-5-611"", [""\""arjunolic acid\"""", ""\""Oleanolic acid 3-sophoroside\"""", ""\""Oleanonic acid\"""", ""\""Juruenolic acid; 2-(4'-Methylpentenyl-3)-10-oxoundecan-2,6-dienoic acid\"""", ""\""Ferulic acid\"""", ""\""Alkenoic acid\"""", ""\""3-Acetyl aleuritolic acid\"""", ""\""p-Coumaric acid\"""", ""\""ellagic acid 4-O-\u03b1-L-rhamnopyranoside; eschweilenol C\"""", ""\""Chlorogenic acid\"""", ""\""Sargaquinoic acid\"""", ""\""Apodanthoside\"""", ""\""3-Oxoursolic acid\"""", ""\""Aphidicolin\"""", ""\""Arboreumine\"""", ""\""limonexic acid\"""", ""\""3-O-\u03b2-D-quinovopyranosyl cincholic acid\"""", ""\""1,6-di-O-caffeoyl-\u03b2-D-glucopyranoside\"""", ""\""Proanthocyanidin\"""", ""\""3,11-dioxoolean-12-en-28- onic acid\"""", ""\""Sinapic acid\"""", ""\""2\u03b1,3\u03b1-dihydroxyolean-12- en-28-oic acid\"""", ""\""Acetonide of odoratol\"""", ""\""acacetin\"""", ""\""Syringic acid\"""", ""\""Myrsinoic acid A, 3-Geranyl-4-hydroxy-5-(3'',3''-dimethylallyl)benzoic acid\"""", ""\""Methacrylic acid\"""", ""\""Procyanidin B-3\"""", ""\""urauchimycin A\"""", ""\""3-O-\u03b2-D-quinovopyranosyl quinovic acid\"""", ""\""Quercetin 3-O-sophoroside\"""", ""\""Orcinol\"""", ""\""Podocarpusflavone A\"""", ""\""8-hydroxy-6-methoxy-3-methylisocoumarin\"""", ""\""3,4,5-trimethoxyphenyl 1-O-\u03b2-D-apiofuranosyl-(1\u21926)-O-\u03b2-D-glucopyranoside\"""", ""\""2\u03b1,3\u03b1-Dihydroxy-urs-12-en-28-oic acid\"""", ""\""2,7-Di-O-acetylcasearupestrin A\"""", ""\""6'-Acetyl-\u03b2-D-glucopyranosyldiderroside\"""", ""\""Quercetin-3-O-\u03b1-L-rhamnopyranosyl-(1\u21926)-\u03b2-D-galactopyranoside\"""", ""\""Leptophyllin A\"""", ""\""Piscidinol A\"""", ""\""Pedalin, pedalitin 6-O-\u03b2 -glucopyranoside\"""", ""\""6-Hydroxy-rutin\"""", ""\""Kaempferol-3-O-\u03b1-L-rhamnopyranosyl-(1-6)-\u03b1-L-rhamnopyranosyl-(1-4)-\u03b2-D-glucopyranoside\"""", ""\""Heveaflavone\"""", ""\""7-hydroxy-3- (11-dimethylallyl)-8-methoxycoumarin\"""", ""\""2,6-di-O-acetylcasearupestrin D\"""", ""\""2\u03b1,3\u03b1,19\u03b1- trihydroxyurs-12-en-28-oic acid\"""", ""\""Kaempferol-3-O-D-glucopyranoside\"""", ""\""Austdiol diacetate\""""]]","doi_name"
"[""10.1515/znc-2008-5-611"", ""acacetin""]","[""10.1515/znc-2008-5-611"", [""\""arjunolic acid\"""", ""\""Oleanolic acid 3-sophoroside\"""", ""\""Oleanonic acid\"""", ""\""Juruenolic acid; 2-(4'-Methylpentenyl-3)-10-oxoundecan-2,6-dienoic acid\"""", ""\""Ferulic acid\"""", ""\""Alkenoic acid\"""", ""\""3-Acetyl aleuritolic acid\"""", ""\""p-Coumaric acid\"""", ""\""ellagic acid 4-O-\u03b1-L-rhamnopyranoside; eschweilenol C\"""", ""\""Chlorogenic acid\"""", ""\""Sargaquinoic acid\"""", ""\""Apodanthoside\"""", ""\""3-Oxoursolic acid\"""", ""\""Aphidicolin\"""", ""\""Arboreumine\"""", ""\""limonexic acid\"""", ""\""3-O-\u03b2-D-quinovopyranosyl cincholic acid\"""", ""\""1,6-di-O-caffeoyl-\u03b2-D-glucopyranoside\"""", ""\""Proanthocyanidin\"""", ""\""3,11-dioxoolean-12-en-28- onic acid\"""", ""\""Sinapic acid\"""", ""\""2\u03b1,3\u03b1-dihydroxyolean-12- en-28-oic acid\"""", ""\""Acetonide of odoratol\"""", ""\""acacetin\"""", ""\""Syringic acid\"""", ""\""Myrsinoic acid A, 3-Geranyl-4-hydroxy-5-(3'',3''-dimethylallyl)benzoic acid\"""", ""\""Methacrylic acid\"""", ""\""Procyanidin B-3\"""", ""\""urauchimycin A\"""", ""\""3-O-\u03b2-D-quinovopyranosyl quinovic acid\"""", ""\""Quercetin 3-O-sophoroside\"""", ""\""Orcinol\"""", ""\""Podocarpusflavone A\"""", ""\""8-hydroxy-6-methoxy-3-methylisocoumarin\"""", ""\""3,4,5-trimethoxyphenyl 1-O-\u03b2-D-apiofuranosyl-(1\u21926)-O-\u03b2-D-glucopyranoside\"""", ""\""2\u03b1,3\u03b1-Dihydroxy-urs-12-en-28-oic acid\"""", ""\""2,7-Di-O-acetylcasearupestrin A\"""", ""\""6'-Acetyl-\u03b2-D-glucopyranosyldiderroside\"""", ""\""Quercetin-3-O-\u03b1-L-rhamnopyranosyl-(1\u21926)-\u03b2-D-galactopyranoside\"""", ""\""Leptophyllin A\"""", ""\""Piscidinol A\"""", ""\""Pedalin, pedalitin 6-O-\u03b2 -glucopyranoside\"""", ""\""6-Hydroxy-rutin\"""", ""\""Kaempferol-3-O-\u03b1-L-rhamnopyranosyl-(1-6)-\u03b1-L-rhamnopyranosyl-(1-4)-\u03b2-D-glucopyranoside\"""", ""\""Heveaflavone\"""", ""\""7-hydroxy-3- (11-dimethylallyl)-8-methoxycoumarin\"""", ""\""2,6-di-O-acetylcasearupestrin D\"""", ""\""2\u03b1,3\u03b1,19\u03b1- trihydroxyurs-12-en-28-oic acid\"""", ""\""Kaempferol-3-O-D-glucopyranoside\"""", ""\""Austdiol diacetate\""""]]","doi_name"
"[""10.1590/S0100-40422005000600011"", ""Cytochalasin D""]","[""10.1590/S0100-40422005000600011"", [""\""Cytochalasin D\"""", ""\""19,20-Epoxycytochalasin D\"""", ""\""19,20-Epoxycytochalasin C\"""", ""\""19,20-Epoxycytochalasin N\"""", ""\""19,20-Epoxycytochalasin Q\"""", ""\""Chaetoglobosin B\"""", ""\""19,20-Epoxycytochalasin R\"""", ""\""Chrysoeriol\"""", ""\""Casearupestrin D\"""", ""\""Aphidicolin\"""", ""\""urauchimycin A\"""", ""\""urauchimycin B\"""", ""\""2,6-di-O-acetylcasearupestrin D\"""", ""\""Apodanthoside\"""", ""\""Sargachromenol\"""", ""\""Piscidinol A\"""", ""\""(-) Cis-4-hydroxy-6-deoxyscytalone\"""", ""\""Fasciculiferin\"""", ""\""Procyanidin B-3\"""", ""\""Diderroside\"""", ""\""Casearupestrin C\"""", ""\""Phomopsilactone\"""", ""\""2,7-Di-O-acetylcasearupestrin A\"""", ""\""Methyl gallate\"""", ""\""Methyl-2,2-dimethylchroman-6-carboxylate\"""", ""\""Citibrasine\"""", ""\""Ixoside\"""", ""\""24-methylene-3,22-dihydroxycholesterol\"""", ""\""Maculosidine\"""", ""\""2',6'-Dihydroxy-4'-methoxydihydrochalcone\"""", ""\""(-)-Spectalinine\"""", ""\""taxifolin\"""", ""\""Xanthyletin\"""", ""\""Galioside\"""", ""\""Teucrein\"""", ""\""Cabraleadiol\"""", ""\""Platydesmine\"""", ""\""cryptomeridiol\"""", ""\""Methyl-2,2-dimethyl-8-(3'-methylbut-2'-enyl)chroman-6-carboxylate\"""", ""\""germacrene D\"""", ""\""Mayoside C\"""", ""\""Dipropyl disulphide\"""", ""\""Cordifoline\"""", ""\""20-hydroxyecdysone; polypodine A\"""", ""\""3,12-Dihydroxycadalene\"""", ""\""Proanthocyanidin\"""", ""\""Casearupestrin B\"""", ""\""Casearupestrin A\"""", ""\""stachysterone\"""", ""\""Isosakuranetin; 5,7-dihydroxy-4'-methoxyflavanone\""""]]","doi_name"
"[""10.1590/S0100-40422005000600011"", ""Griseofulvin""]","[""10.1590/S0100-40422005000600011"", [""\""Cytochalasin D\"""", ""\""19,20-Epoxycytochalasin D\"""", ""\""19,20-Epoxycytochalasin C\"""", ""\""19,20-Epoxycytochalasin N\"""", ""\""19,20-Epoxycytochalasin Q\"""", ""\""Chaetoglobosin B\"""", ""\""19,20-Epoxycytochalasin R\"""", ""\""Chrysoeriol\"""", ""\""Casearupestrin D\"""", ""\""Aphidicolin\"""", ""\""urauchimycin A\"""", ""\""urauchimycin B\"""", ""\""2,6-di-O-acetylcasearupestrin D\"""", ""\""Apodanthoside\"""", ""\""Sargachromenol\"""", ""\""Piscidinol A\"""", ""\""(-) Cis-4-hydroxy-6-deoxyscytalone\"""", ""\""Fasciculiferin\"""", ""\""Procyanidin B-3\"""", ""\""Diderroside\"""", ""\""Casearupestrin C\"""", ""\""Phomopsilactone\"""", ""\""2,7-Di-O-acetylcasearupestrin A\"""", ""\""Methyl gallate\"""", ""\""Methyl-2,2-dimethylchroman-6-carboxylate\"""", ""\""Citibrasine\"""", ""\""Ixoside\"""", ""\""24-methylene-3,22-dihydroxycholesterol\"""", ""\""Maculosidine\"""", ""\""2',6'-Dihydroxy-4'-methoxydihydrochalcone\"""", ""\""(-)-Spectalinine\"""", ""\""taxifolin\"""", ""\""Xanthyletin\"""", ""\""Galioside\"""", ""\""Teucrein\"""", ""\""Cabraleadiol\"""", ""\""Platydesmine\"""", ""\""cryptomeridiol\"""", ""\""Methyl-2,2-dimethyl-8-(3'-methylbut-2'-enyl)chroman-6-carboxylate\"""", ""\""germacrene D\"""", ""\""Mayoside C\"""", ""\""Dipropyl disulphide\"""", ""\""Cordifoline\"""", ""\""20-hydroxyecdysone; polypodine A\"""", ""\""3,12-Dihydroxycadalene\"""", ""\""Proanthocyanidin\"""", ""\""Casearupestrin B\"""", ""\""Casearupestrin A\"""", ""\""stachysterone\"""", ""\""Isosakuranetin; 5,7-dihydroxy-4'-methoxyflavanone\""""]]","doi_name"
"[""10.1590/S0100-40422005000600011"", ""2-Hexyl-3-methyl-butanodioic acid""]","[""10.1590/S0100-40422005000600011"", [""\""Cytochalasin D\"""", ""\""19,20-Epoxycytochalasin D\"""", ""\""19,20-Epoxycytochalasin C\"""", ""\""19,20-Epoxycytochalasin N\"""", ""\""19,20-Epoxycytochalasin Q\"""", ""\""Chaetoglobosin B\"""", ""\""19,20-Epoxycytochalasin R\"""", ""\""Chrysoeriol\"""", ""\""Casearupestrin D\"""", ""\""Aphidicolin\"""", ""\""urauchimycin A\"""", ""\""urauchimycin B\"""", ""\""2,6-di-O-acetylcasearupestrin D\"""", ""\""Apodanthoside\"""", ""\""Sargachromenol\"""", ""\""Piscidinol A\"""", ""\""(-) Cis-4-hydroxy-6-deoxyscytalone\"""", ""\""Fasciculiferin\"""", ""\""Procyanidin B-3\"""", ""\""Diderroside\"""", ""\""Casearupestrin C\"""", ""\""Phomopsilactone\"""", ""\""2,7-Di-O-acetylcasearupestrin A\"""", ""\""Methyl gallate\"""", ""\""Methyl-2,2-dimethylchroman-6-carboxylate\"""", ""\""Citibrasine\"""", ""\""Ixoside\"""", ""\""24-methylene-3,22-dihydroxycholesterol\"""", ""\""Maculosidine\"""", ""\""2',6'-Dihydroxy-4'-methoxydihydrochalcone\"""", ""\""(-)-Spectalinine\"""", ""\""taxifolin\"""", ""\""Xanthyletin\"""", ""\""Galioside\"""", ""\""Teucrein\"""", ""\""Cabraleadiol\"""", ""\""Platydesmine\"""", ""\""cryptomeridiol\"""", ""\""Methyl-2,2-dimethyl-8-(3'-methylbut-2'-enyl)chroman-6-carboxylate\"""", ""\""germacrene D\"""", ""\""Mayoside C\"""", ""\""Dipropyl disulphide\"""", ""\""Cordifoline\"""", ""\""20-hydroxyecdysone; polypodine A\"""", ""\""3,12-Dihydroxycadalene\"""", ""\""Proanthocyanidin\"""", ""\""Casearupestrin B\"""", ""\""Casearupestrin A\"""", ""\""stachysterone\"""", ""\""Isosakuranetin; 5,7-dihydroxy-4'-methoxyflavanone\""""]]","doi_name"
"[""10.1590/S0100-40422006000300016"", ""(-)-Epigallocatechin-3-O-gallate""]","[""10.1590/S0100-40422006000300016"", [""\""Quercetin\"""", ""\""Quercitrin, 3-O-\u03b1-rhamnosylquercetin\"""", ""\""Quercetin 3-O-sophoroside\"""", ""\""Quercetin-3-O-\u03b1-L-rhamnopyranosyl-(1\u21926)-\u03b2-D-galactopyranoside\"""", ""\""3,3-O-dimethylquercetin\"""", ""\""3-O-methylquercetin\"""", ""\""Quercetin 3-O-\u03b1-L-rhamnopyranosyl (1\u21926)-O-[\u03b2 -D-glucopyranosyl (1\u21923)-O-\u03b1-L-rhamnopyranosyl-(1\u21922)]-O-\u03b2 -D-glucopyranosyl\"""", ""\""Kaempferitrin\"""", ""\""Citrusinine-II\"""", ""\""citrusinine-I\"""", ""\""Proanthocyanidin\"""", ""\""Citrusinine-I\"""", ""\""Kaempferol\"""", ""\""6-Hydroxy-rutin\"""", ""\""Orcinol\"""", ""\""Citibrasine\"""", ""\""3-O-\u03b2-D-quinovopyranosyl cincholic acid\"""", ""\""Procyanidin B-3\"""", ""\""acacetin\"""", ""\""Glycocitrine-I\"""", ""\""Catechin, Ent-catechin\"""", ""\""Kaempferol-3-O-rutinoside\"""", ""\""Glycocitrine-IV\"""", ""\""astilbin; Rel-(2R, 3R)-dihydroquercetin-3-O-\u00b1-L-rhamnoside\"""", ""\""Diderroside\"""", ""\""Ricinine\"""", ""\""3-O-\u03b2-D-quinovopyranosyl quinovic acid\"""", ""\""Sorbifolin\"""", ""\""(+)-Guaiacin\"""", ""\""p-Coumaric acid\"""", ""\""Kaempferol-3-O-D-glucopyranoside\"""", ""\""3,7,4-O-trimethylkaempferol\"""", ""\""Fasciculiferin\"""", ""\""2-(1'-pentenyl)-Quinoline\"""", ""\""Xanthyletin\"""", ""\""Sorbifolin 6-O-\u03b2-glucopyranoside\"""", ""\""Piscidinol A\"""", ""\""Teucrein\"""", ""\""5-hydroxyflavone\"""", ""\""(\u00b1)-Syringaresinol\"""", ""\""Luteolin; 2-(3,4-dihydroxyphenyl)-5,7-dihydroxy-4H-chromen-4-one\"""", ""\""Kaempferol-3-O-\u03b1-L-rhamnopyranosyl-(1-6)-\u03b1-L-rhamnopyranosyl-(1-4)-\u03b2-D-glucopyranoside\"""", ""\""fraxinellone\"""", ""\""Mangiferin\"""", ""\""28-O-\u03b2-D-glucopyranosyl quinovic acid\"""", ""\""Ourateacatechin\"""", ""\""8-hydroxy-6-methoxy-3-methylisocoumarin\"""", ""\""Heveaflavone\"""", ""\""4-Hydroxymellein\"""", ""\""2-(2'-O-trans-cinnamoyl)-C-\u03b2-D-glucopyranosyl-1,3,6,7-tetrahydroxyxanthone\""""]]","doi_name"
"[""10.1590/S0100-40422008000400018"", ""Sinapic acid""]","[""10.1590/S0100-40422008000400018"", [""\""Pterogynoside; Kaempferol-3-O-(3''-O-4'''-methylgallate-\u03b1-L-rhamnoside)\"""", ""\""Piperine\"""", ""\""Leptomerine\"""", ""\""Tetrahydropiperyline, N-[10-(13,14-methylenedioxyphenyl)-pentanoyl]-pyrrolidine\"""", ""\""Pyranofoline\"""", ""\""4,5-dihydropiperlonguminine; Piperlonguminine\"""", ""\""N-[10- (13,14-methylenedioxyphenyl)-7(E)-pentaenoyl]-pyrrolidine\"""", ""\""Piperyline, N-[10-(13,14-methylenedioxyphenyl)-7(E),9(E)-pentadienoyl]-pyrrolidine\"""", ""\""6-methoxyeugenin\"""", ""\""N-[7-(3',4'-methylenedioxyphenyl)-2(Z),4(Z)-heptadienoyl]pyrrolidine\"""", ""\""N-[10-(13,14-methylenedioxyphenyl)-7(E),9(Z)-pentadienoyl]-pyrrolidine\"""", ""\""stachysterone\"""", ""\""Taraxerol acetate\"""", ""\""Aphidicolin\"""", ""\""Platydesmine\"""", ""\""atalaphyllinine\"""", ""\""Leptophyllin A\"""", ""\""Isopimpinellin\"""", ""\""p-hydroxybenzoic acid-geranyl ester\"""", ""\""Diderroside\"""", ""\""penduletin 4-O-methyl ether\"""", ""\""cryptomeridiol\"""", ""\""4,5-dihydropiperyline\"""", ""\""shidasterone\"""", ""\""5-hydroxynoracronycine; Atalaphyllidine\"""", ""\""Myrsinoic acid A, 3-Geranyl-4-hydroxy-5-(3'',3''-dimethylallyl)benzoic acid\"""", ""\""7-Methoxydiderroside\"""", ""\""N-[3-(6'-methoxy-3',4'-methy-lenedioxyphenyl)-2(Z)-propenoyl]pyrrolidine\"""", ""\""\u03b2-photogedunin\"""", ""\""[8]-gingerol\"""", ""\""6\u03b2-hydroxy-7-epigardoside methyl ester\"""", ""\""Phomopsilactone\"""", ""\""amorphispironone\"""", ""\""Liriodenine\"""", ""\""Muraxanthone\"""", ""\""Chrysoeriol\"""", ""\""Secoxyloganin\"""", ""\""2-(R)-Methyl-6-(S)-(tetradecyl-13'-one)-3(R)-O-tert-butyldimethylsilyl-piperidine\"""", ""\""Epi-guaiacin\"""", ""\""2'-hydroxy-3,4,4'-trimethoxy-5',6'-(2'',2''-dimethylpyrano)-chalcone\"""", ""\""(22E,24R)-ergosta-4,6,8(14),22-tetraen-3-one\"""", ""\""(+)-Guaiacin\"""", ""\""2-(3',4'-methylenedioxyphenylethyl)-Quinoline\"""", ""\""n-Pentyl gallate\"""", ""\""Fasciculiferin\"""", ""\""10,11-dihydropiperine; \u0394\u03b1,\u03b2-dihydropiperine\"""", ""\""Arboreumine\"""", ""\""2',6'-Dihydroxy-4'-methoxydihydrochalcone\"""", ""\""Ourateacatechin\"""", ""\""Rel-(7R,8S,7'S,8'S)-4',5'-methylenedioxy-3,4,5,3'-tetramethoxy-7,7'-epoxylignan\""""]]","doi_name"
"[""10.1590/s0100-40422008000700015"", ""Chaetoglobosin B""]","[""10.1590/s0100-40422008000700015"", [""\""Chaetoglobosin B\"""", ""\""urauchimycin B\"""", ""\""Cytochalasin D\"""", ""\""Caseobliquin A\"""", ""\""Chrysoeriol\"""", ""\""Casearupestrin B\"""", ""\""19,20-Epoxycytochalasin C\"""", ""\""Isobutyl gallate\"""", ""\""Benzylhydroxymethyl sulphide\"""", ""\""19,20-Epoxycytochalasin Q\"""", ""\""Mycoleptone B\"""", ""\""19,20-Epoxycytochalasin N\"""", ""\""Cabraleadiol\"""", ""\""Anhydrofusarubin\"""", ""\""polypodine B\"""", ""\""Nitensoside B; Pedalitin 6-O-\u03b1-rhamnopyranosyl(1'''\u21926'')-\u03b2-glucopyranoside\"""", ""\""19,20-Epoxycytochalasin R\"""", ""\""Nitensidine B\"""", ""\""19,20-Epoxycytochalasin D\"""", ""\""\u03b2-photogedunin\"""", ""\""Procyanidin B-3\"""", ""\""urauchimycin A\"""", ""\""Methyl-2,2-dimethyl-8-(3'-methylbut-2'-enyl)chroman-6-carboxylate\"""", ""\""11\u03b2-acetoxyobacunone\"""", ""\""\u03b2-Sitosterol benzoate\"""", ""\""Piperaduncine B\"""", ""\""Galioside\"""", ""\""Fasciculiferin\"""", ""\""Di(benzyltrithio) methane\"""", ""\""Nitensoside A; Sorbifolin 6-O-\u03b1-rhamnopyranosyl(1'''\u21926'')-\u03b2-glucopyranoside\"""", ""\""Nectandrin B\"""", ""\""Citibrasine\"""", ""\""Methyl gallate\"""", ""\""Sorbifolin 6-O-\u03b2-glucopyranoside\"""", ""\""(2S)-2-methyl-8-(3\""-methylbut-2\""-enyl)-2-(4'-methylpent-3'-enyl)-2H-chromene-6-carboxylic acid\"""", ""\""n-Butyl gallate\"""", ""\""fumiquinozoline F\"""", ""\""1-O-(E)-caffeoyl-\u03b2-D-glucopyranoside\"""", ""\""Sargachromenol\"""", ""\""Periconicin B\"""", ""\""(-) Cis-4-hydroxy-6-deoxyscytalone\"""", ""\""Piscidinol A\"""", ""\""2,7-Di-O-acetylcasearupestrin A\"""", ""\""(2S)-Methyl-2-methyl-8-(3\""-methylbut-2\""-enyl)-2-(4'-methylpent-3'-enyl)-2H-chromene-6-carboxylate\"""", ""\""Epi-guaiacin\"""", ""\""2',6'-Dihydroxy-4'-methoxydihydrochalcone\"""", ""\""2'-hydroxy-3,4,4'-trimethoxy-5',6'-(2'',2''-dimethylpyrano)-chalcone\"""", ""\""Methyl-2,2-dimethylchroman-6-carboxylate\"""", ""\""Apodanthoside\"""", ""\""3-O-\u03b2-D-quinovopyranosyl cincholic acid\""""]]","doi_name"
"[""10.1590/S0100-40422009000600037"", ""11\u03b2-acetoxyobacunone""]","[""10.1590/S0100-40422009000600037"", [""\""Methyl angolensate\"""", ""\""Methyl gallate\"""", ""\""Methyl (E)-6,7,8-trimethoxycinnamate\"""", ""\""Methyl 6,7,8-trimethoxydihydrocinnamate\"""", ""\""Methyl 4-hydroxy-3-(3'-methyl-2'-butenyl)benzoate\"""", ""\""Methyl-2,2-dimethyl-8-(3'-methylbut-2'-enyl)chroman-6-carboxylate\"""", ""\""Methyl-8-hydroxy-2,2-dimethylchroman-6-carboxylate\"""", ""\""Methyl taboganate; Methyl 4-hydroxy-3-(3'-methyl-1'-oxo-2'-butenyl)benzoate\"""", ""\""Methyl-8-(ethanoyloxy)-2,2-dimethyl-2H-chromene-6-carboxylate\"""", ""\""Methyl-2,2-dimethylchroman-6-carboxylate\"""", ""\""Methyl 4-hydroxy-3-(3'-methyl-2'-hydroxy-3'-butenyl)benzoate\"""", ""\""Methyl 2,2-dimethyl-1-oxo-2H-1-benzopyran-6-carboxylate\"""", ""\""21\u03b1,25-dimethylmelianodiol\"""", ""\""Methyl-8-hydroxy-2,2-dimethyl-2H-chromene-6-carboxylate\"""", ""\""penduletin 4-O-methyl ether\"""", ""\""Dimethyl terephthalate\"""", ""\""Mangiferin\"""", ""\""Aduncumene; Methyl 2-methoxy-5-(3'-methyl-1'-oxo-2'-butenyl)benzoate\"""", ""\""21\u03b2,25-dimethylmelianodiol\"""", ""\""Austdiol diacetate\"""", ""\""Ethyl 2,4-dihydroxy-5,6-dimethylbenzoate\"""", ""\""8-methoxymellein\"""", ""\""Methyl (3R,4R,5R)-3-{[(2Z)-3-(3,4-dihydroxyphenyl)-2-propenoyl]oxy}-1,4,5-trihydroxycyclohexanecarboxylate\"""", ""\""Methyl (3R,4R,5R)-3-{[(2E)-3-(3,4-dihydroxyphenyl)-2-propenoyl]oxy}-1,4,5-trihydroxycyclohexanecarboxylate\"""", ""\""Benzylhydroxymethyl sulphide\"""", ""\""Isobutyl gallate\"""", ""\""21\u00b4-(3,4-Methylenedioxyphenyl)-henicosanoic acid\"""", ""\""n-Pentyl gallate\"""", ""\""(2S)-Methyl-8-isopentyl-2-methyl-2-(4'-methylpentyl)chroman-6-carboxylate\"""", ""\""Mycoleptone A tetraacetate\"""", ""\""(2S)-Methyl-2-methyl-8-(3\""-methylbut-2\""-enyl)-2-(4'-methylpent-3'-enyl)-2H-chromene-6-carboxylate\"""", ""\""6\u03b2-hydroxy-7-epigardoside methyl ester\"""", ""\""3',4'-methylenedioxy-5,5',6,7-tetramethoxyflavone\"""", ""\""(R)-7-Hydroxymellein\"""", ""\""4-Hydroxymellein\"""", ""\""Chlorogenic acid methyl ester, Methyl (1S,3R,4R,5R)-3-{[(2E)-3-(3,4-dihydroxyphenyl)-2-propenoyl]oxy}-1,4,5-trihydroxycyclohexanecarboxylate\"""", ""\""3',4'-methylenedioxy-5,6,7- trimethoxyflavone\"""", ""\""Amentoflavone 7\u201d,4\u201d\u2019-dimethyl ether\"""", ""\""2-Methyl-4-hydroxy-butyl caffeoate\"""", ""\""2-(R)-Methyl-6-(S)-(tetradecyl-13'-one)-3(R)-O-tert-butyldimethylsilyl-piperidine\"""", ""\""3,7,4-O-trimethylkaempferol\"""", ""\""n-Butyl gallate\"""", ""\""3',4'-methylenedioxy-5,7-dimethoxyflavone\"""", ""\""24-methylene-3,22-dihydroxycholesterol\"""", ""\""Di(benzyltrithio) methane\"""", ""\""n-Propyl gallate\"""", ""\""6-methoxyeugenin\"""", ""\""2-Hexyl-3-methyl-butanodioic acid\"""", ""\""(3R,4R)-4,7-Dihydroxymellein\"""", ""\""Myrsinoic acid A, 3-Geranyl-4-hydroxy-5-(3'',3''-dimethylallyl)benzoic acid\""""]]","doi_name"
"[""10.1590/S0100-40422012000700020"", ""Myrsinoic acid A, 3-Geranyl-4-hydroxy-5-(3'',3''-dimethylallyl)benzoic acid""]","[""10.1590/S0100-40422012000700020"", [""\""Myrsinoic acid A, 3-Geranyl-4-hydroxy-5-(3'',3''-dimethylallyl)benzoic acid\"""", ""\""urauchimycin A\"""", ""\""Syringic acid\"""", ""\""Sargaquinoic acid\"""", ""\""Piscidinol A\"""", ""\""Methacrylic acid\"""", ""\""Alkenoic acid\"""", ""\""urauchimycin B\"""", ""\""Muraxanthone\"""", ""\""2,7-Di-O-acetylcasearupestrin A\"""", ""\""Mycoleptone A\"""", ""\""Mycoleptone A tetraacetate\"""", ""\""21\u00b4-(3,4-Methylenedioxyphenyl)-henicosanoic acid\"""", ""\""Methyl gallate\"""", ""\""N-acetylnonaine\"""", ""\""3-Acetyl aleuritolic acid\"""", ""\""Leptophyllin A\"""", ""\""Leiokinine A\"""", ""\""Isoswertisin-4'-methyl-ether-2''\u03b1-L-rhamnoside\"""", ""\""Casearupestrin A\"""", ""\""ellagic acid 4-O-\u03b1-L-rhamnopyranoside; eschweilenol C\"""", ""\""arjunolic acid\"""", ""\""2,6-di-O-acetylcasearupestrin D\"""", ""\""Sinapic acid\"""", ""\""Strictosidine acid\"""", ""\""Hispidol A\"""", ""\""Nitensidine A\"""", ""\""des-N-methylnoracronycine\"""", ""\""2-Hexyl-3-methyl-butanodioic acid\"""", ""\""Podocarpusflavone A\"""", ""\""Aphidicolin\"""", ""\""Methyl 6,7,8-trimethoxydihydrocinnamate\"""", ""\""(\u00b1)-Syringaresinol\"""", ""\""19\u00b4-(3,4-Methylenedioxyphenyl)-nonadecanoic acid\"""", ""\""Ferulic acid\"""", ""\""6\u03b1-malonyloxymanoyl oxide\"""", ""\""Chrysoeriol\"""", ""\""5-hydroxynoracronycine; Atalaphyllidine\"""", ""\""bis-5-hydroxyacronycine\"""", ""\""Oleanolic acid 3-sophoroside\"""", ""\""Procyanidin B-3\"""", ""\""Nitensoside A; Sorbifolin 6-O-\u03b1-rhamnopyranosyl(1'''\u21926'')-\u03b2-glucopyranoside\"""", ""\""cryptomeridiol\"""", ""\""Ixoside\"""", ""\""17-(3,4-Methylenedioxyphenyl)-heptadecanoic acid\"""", ""\""Syringaldehyde\"""", ""\""6\u03b1-acetoxymanoyl oxide\"""", ""\""2\u03b1,3\u03b1-Dihydroxy-urs-12-en-28-oic acid\"""", ""\""amorphispironone\"""", ""\""2-hydroxyphenylacetic acid\""""]]","doi_name"
"[""10.1590/S0102-695X2008000200010"", ""Acteoside; [\u03b2-3,4-dihydroxyphenyl)-ethyl]-(3'-O-\u03b1-L-rhamnopyranosyl)-(4'-O-cafeoyl)-\u03b2-D-glycopyranoside, verbascoside""]","[""10.1590/S0102-695X2008000200010"", [""\""Acteoside; [\u03b2-3,4-dihydroxyphenyl)-ethyl]-(3'-O-\u03b1-L-rhamnopyranosyl)-(4'-O-cafeoyl)-\u03b2-D-glycopyranoside, verbascoside\"""", ""\""Ixoside\"""", ""\""schaftoside\"""", ""\""Diderroside\"""", ""\""Apodanthoside\"""", ""\""Galioside\"""", ""\""Teucrein\"""", ""\""Ourateacatechin\"""", ""\""Phomopsilactone\"""", ""\""Heveaflavone\"""", ""\""Galioside aglicone\"""", ""\""acacetin\"""", ""\""\u03b1-eudesmol\"""", ""\""Oleanolic acid 3-sophoroside\"""", ""\""Mayoside C\"""", ""\""Quercetin 3-O-sophoroside\"""", ""\""Acetonide of odoratol\"""", ""\""Chrysoeriol\"""", ""\""Amentoflavone\"""", ""\""Cabraleadiol\"""", ""\""2,7-Di-O-acetylcasearupestrin A\"""", ""\""Beauvericin\"""", ""\""neoisoastilbin\"""", ""\""\u03b1-Gardiol\"""", ""\""Ergosterol peroxide\"""", ""\""Mycoleptone A tetraacetate\"""", ""\""Taraxerol acetate\"""", ""\""Nitensoside A; Sorbifolin 6-O-\u03b1-rhamnopyranosyl(1'''\u21926'')-\u03b2-glucopyranoside\"""", ""\""Nitensoside B; Pedalitin 6-O-\u03b1-rhamnopyranosyl(1'''\u21926'')-\u03b2-glucopyranoside\"""", ""\""Egonol\"""", ""\""Isoswertisin-2''\u03b11-L-rhamnoside\"""", ""\""Kaempferol-3-O-rutinoside\"""", ""\""Strictosidine acid\"""", ""\""20-hydroxyecdysone; polypodine A\"""", ""\""Sesartemin\"""", ""\""Homoegonol\"""", ""\""Piscidinol A\"""", ""\""2,6-di-O-acetylcasearupestrin D\"""", ""\""Mycoleptone A\"""", ""\""Quercetin\"""", ""\""Maculosidine\"""", ""\""Austdiol\"""", ""\""Kaempferol-3-O-D-glucopyranoside\"""", ""\""Deoxycordifoline\"""", ""\""Caseobliquin A\"""", ""\""Isoswertisin-4'-methyl-ether-2''\u03b1-L-rhamnoside\"""", ""\""Chaetoglobosin B\"""", ""\""Austdiol diacetate\"""", ""\""6\u03b2-hydroxy-7-epigardoside methyl ester\"""", ""\""Aphidicolin\""""]]","doi_name"
"[""10.1590/S0102-695X2009000100002"", ""3',4',5',5,7-pentamethoxyflavone""]","[""10.1590/S0102-695X2009000100002"", [""\""3',4',5',5,7-pentamethoxyflavone\"""", ""\""3',4',5',3,5,7,8-heptamethoxyflavone\"""", ""\""3',4',5',5,7,8-hexamethoxyflavone\"""", ""\""3',4'-methylenedioxy-5,5',6,7-tetramethoxyflavone\"""", ""\""3,5,6,7,3',4',5'-heptamethoxyflavonol\"""", ""\""3',4'-methylenedioxy-5,6,7- trimethoxyflavone\"""", ""\""3',4'-methylenedioxy-5,7-dimethoxyflavone\"""", ""\""7,4'-Dimethoxyflavone\"""", ""\""8-hydroxy-3,5,7,3',4',5'-hexamethoxyflavonol\"""", ""\""7,4'-Dihydroxyflavone\"""", ""\""5-hydroxyflavone\"""", ""\""2',5-dihydroxy-3-methoxy-8-dimethylallyl-6, 7-(2' ',2''-dimethylpyrano)-dihydroflavonol\"""", ""\""2'-hydroxy-3,4,4'-trimethoxy-5',6'-(2'',2''-dimethylpyrano)-chalcone\"""", ""\""3,7,4-O-trimethylkaempferol\"""", ""\""3,4,5-trimethoxyphenyl 1-O-\u03b2-D-apiofuranosyl-(1\u21926)-O-\u03b2-D-glucopyranoside\"""", ""\""3,4,5-Trimethoxyphenyl-1-O-\u03b2-D-(5-O-syringoyl)-apiofuranosyl-(1\u21926)-\u03b2-D-glucopyranoside\"""", ""\""2',6'-Dihydroxy-4'-methoxydihydrochalcone\"""", ""\""Sakuranetin; 5,4'-dihydroxy-7-methoxyflavanone\"""", ""\""7-Hydroxy-4',6-dimethoxyisoflavone; Afrormosin; Afromosin\"""", ""\""5-(3'' -Hydroxypropyl)-7-methoxy-2-(3',4' -methyl-enedioxyphenyl)benzofuran\"""", ""\""1-[3-(3,7-dimethylocta-2,6-dien-1-yl)-2,4,6- trihydroxyphenyl]-3-(4-hydroxyphenyl)propan-1-one\"""", ""\""Isosakuranetin; 5,7-dihydroxy-4'-methoxyflavanone\"""", ""\""3,4,5-Trimethoxydihydrocinnamic acid\"""", ""\""3,3-O-dimethylquercetin\"""", ""\""1-(5,7-dihydroxy-2,2-dimethylchroman- 6-yl)-3-[4-hydroxy-3-(3-methylbut-2-en-1-yl)- phenyl]propan-1-one\"""", ""\""1-(5,7-dihydroxy-2,2-dimethylchroman-6-yl)-3-(1,1,4a-trimethyl-2,3,4,4a,9a-hexahydro-1H-xanthen-7-yl)propan-1-one\"""", ""\""1- (5,7-dihydroxy-2,2-dimethylchroman-6-yl)-3-(2,2-dimethylchroman- 6-yl)propan-1-one\"""", ""\""1,3,5-trihydroxy-4-methoxy-10-methyl- 2,8-bis(3-methylbut-2-enyl)acridin-9(10H)-one\"""", ""\""3,4-dihydro-3,5,8-trihydroxy-6-methoxy-2,2,7-trimethyl-2Hpyrano[ 2,3-a]acridin-12(7H)-one\"""", ""\""5,7-dimethoxy-2,2-dimethyl-2H-1-benzopyran-6-propanoate\"""", ""\""7-Methoxydiderroside\"""", ""\""3,4-dimethyl-2-(4'-hydroxy-3',5'-dimethoxyphenyl)-5-methoxy-tetrahydrofuran\"""", ""\""5,7-dimethoxy-2,2-dimethyl-2H-1-benzopyran-6-propanoic acid\"""", ""\""3-(3',7 '-dimethyl-2',6 '-octadienyl)-4-methoxy-benzoic acid\"""", ""\""7-hydroxy-3- (11-dimethylallyl)-8-methoxycoumarin\"""", ""\""5-[3''-(\u03b2-D-glucopyranosyloxy)propyl]-7-methoxy-2-(3',4'-dimethoxyphenyl)benzofuran\"""", ""\""3-O-methylquercetin\"""", ""\""(3R,4R)-4,7-Dihydroxymellein\"""", ""\""5-[3''-(\u03b2-D-glucopyranosyloxy)propyl]-7-methoxy-2-(3',4'-methylenedioxyphenyl)benzofuran\"""", ""\""1,3,5-trihydroxy- 2,8-bis(3-methylbut-2-enyl)-10-methyl-9-acridone\"""", ""\""2-oxo-piperol B; (7S*, 8R*, 1R*, 3R*)-3,4,5-trimethoxy-3,7-cyclo-8,1-neolig-8-ene-2,4(3H)-dione\"""", ""\""Rel-(7R,8S,7'S,8'S)-4'-hydroxy-3,4,5,3',5'-pentamethoxy-7,7'-epoxylignan\"""", ""\""Kaempferol-3-O-D-glucopyranoside\"""", ""\""(R)-7-Hydroxymellein\"""", ""\""Podocarpusflavone A\"""", ""\""Heveaflavone\"""", ""\""8-hydroxy-6-methoxy-3-methylisocoumarin\"""", ""\""Kaempferol-3-O-D-galactopyranoside\"""", ""\""2-(2'-O-benzoyl)-C-\u03b2-D-glucopyranosyl-1,3,6,7-tetrahydroxyxanthone\"""", ""\""5-hydroxymellein\""""]]","doi_name"
"[""10.1590/S0102-695X2012005000106"", ""Beauvericin""]","[""10.1590/S0102-695X2012005000106"", [""\""Beauvericin\"""", ""\""Verrucosin\"""", ""\""Quercetin\"""", ""\""Sorbifolin\"""", ""\""Procyanidin B-3\"""", ""\""Heveaflavone\"""", ""\""Kaempferol\"""", ""\""Epi-guaiacin\"""", ""\""Teucrein\"""", ""\""(+)-Guaiacin\"""", ""\""acacetin\"""", ""\""Ferulic acid\"""", ""\""Canavaline\"""", ""\""Plumericin\"""", ""\""Aphidicolin\"""", ""\""Fasciculiferin\"""", ""\""Piscidinol A\"""", ""\""Caseobliquin A\"""", ""\""urauchimycin B\"""", ""\""Citibrasine\"""", ""\""Ourateacatechin\"""", ""\""taxifolin\"""", ""\""Diderroside\"""", ""\""Maculosidine\"""", ""\""3-O-\u03b2-D-quinovopyranosyl cincholic acid\"""", ""\""Quercetin 3-O-sophoroside\"""", ""\""Acteoside; [\u03b2-3,4-dihydroxyphenyl)-ethyl]-(3'-O-\u03b1-L-rhamnopyranosyl)-(4'-O-cafeoyl)-\u03b2-D-glycopyranoside, verbascoside\"""", ""\""Proanthocyanidin\"""", ""\""Orcinol\"""", ""\""p-Coumaric acid\"""", ""\""Isoplumericin\"""", ""\""Farnisine\"""", ""\""28-O-\u03b2-D-glucopyranosyl quinovic acid\"""", ""\""3-O-\u03b2-D-quinovopyranosyl quinovic acid\"""", ""\""Casearupestrin B\"""", ""\""fumiquinozoline F\"""", ""\""Nilocetin\"""", ""\""Kaempferitrin\"""", ""\""Ricinine\"""", ""\""4-Hydroxy-3-(3',7'-dimethylocta-2'-E-6'-dienyl)benzoic acid\"""", ""\""N-acetylnonaine\"""", ""\""Sorbifolin 6-O-\u03b2-glucopyranoside\"""", ""\""Kaempferol-3-O-rutinoside\"""", ""\""Amentoflavone\"""", ""\""Piperovatine\"""", ""\""3,4-dihydroxybenzoic acid geranyl ester\"""", ""\""Griseofulvin\"""", ""\""Hostmaniene; 4-Hydroxy-3-(2',3'-dihydroxy-3'-methylbutyl)benzoate\"""", ""\""Pyranofoline\"""", ""\""Piperaduncine B\""""]]","doi_name"
"[""10.1590/S0102-695X2012005000106"", ""Anhydrofusarubin""]","[""10.1590/S0102-695X2012005000106"", [""\""Beauvericin\"""", ""\""Verrucosin\"""", ""\""Quercetin\"""", ""\""Sorbifolin\"""", ""\""Procyanidin B-3\"""", ""\""Heveaflavone\"""", ""\""Kaempferol\"""", ""\""Epi-guaiacin\"""", ""\""Teucrein\"""", ""\""(+)-Guaiacin\"""", ""\""acacetin\"""", ""\""Ferulic acid\"""", ""\""Canavaline\"""", ""\""Plumericin\"""", ""\""Aphidicolin\"""", ""\""Fasciculiferin\"""", ""\""Piscidinol A\"""", ""\""Caseobliquin A\"""", ""\""urauchimycin B\"""", ""\""Citibrasine\"""", ""\""Ourateacatechin\"""", ""\""taxifolin\"""", ""\""Diderroside\"""", ""\""Maculosidine\"""", ""\""3-O-\u03b2-D-quinovopyranosyl cincholic acid\"""", ""\""Quercetin 3-O-sophoroside\"""", ""\""Acteoside; [\u03b2-3,4-dihydroxyphenyl)-ethyl]-(3'-O-\u03b1-L-rhamnopyranosyl)-(4'-O-cafeoyl)-\u03b2-D-glycopyranoside, verbascoside\"""", ""\""Proanthocyanidin\"""", ""\""Orcinol\"""", ""\""p-Coumaric acid\"""", ""\""Isoplumericin\"""", ""\""Farnisine\"""", ""\""28-O-\u03b2-D-glucopyranosyl quinovic acid\"""", ""\""3-O-\u03b2-D-quinovopyranosyl quinovic acid\"""", ""\""Casearupestrin B\"""", ""\""fumiquinozoline F\"""", ""\""Nilocetin\"""", ""\""Kaempferitrin\"""", ""\""Ricinine\"""", ""\""4-Hydroxy-3-(3',7'-dimethylocta-2'-E-6'-dienyl)benzoic acid\"""", ""\""N-acetylnonaine\"""", ""\""Sorbifolin 6-O-\u03b2-glucopyranoside\"""", ""\""Kaempferol-3-O-rutinoside\"""", ""\""Amentoflavone\"""", ""\""Piperovatine\"""", ""\""3,4-dihydroxybenzoic acid geranyl ester\"""", ""\""Griseofulvin\"""", ""\""Hostmaniene; 4-Hydroxy-3-(2',3'-dihydroxy-3'-methylbutyl)benzoate\"""", ""\""Pyranofoline\"""", ""\""Piperaduncine B\""""]]","doi_name"
"[""10.1590/S0103-50532002000100010"", ""1-methyl-2-n-nonyl-4-quinolone""]","[""10.1590/S0103-50532002000100010"", [""\""1-methyl-2-n-nonyl-4-quinolone\"""", ""\""2-n-nonyl-4-quinolone\"""", ""\""2-(3',4'-methylenedioxyphenylethyl)-Quinoline\"""", ""\""2-(1'-pentenyl)-Quinoline\"""", ""\""2-n-Propylquinoline\"""", ""\""2-n-Pentylquinoline\"""", ""\""2-phenyl-4H-chromen-4-one\"""", ""\""2-Methyl-5-methoxy-benzopyran-4-one\"""", ""\""Methyl 4-hydroxy-3-(3'-methyl-2'-butenyl)benzoate\"""", ""\""5-(3'' -Hydroxypropyl)-7-methoxy-2-(3',4' -methyl-enedioxyphenyl)benzofuran\"""", ""\""Methyl 4-hydroxy-3-(3'-methyl-2'-hydroxy-3'-butenyl)benzoate\"""", ""\""4-Methoxy-3-(3',7'-dimethylocta-2'-E-6'-dienyl)benzoic acid\"""", ""\""3,4-dimethyl-2-(4'-hydroxy-3',5'-dimethoxyphenyl)-5-methoxy-tetrahydrofuran\"""", ""\""1-[3-(3,7-dimethylocta-2,6-dien-1-yl)-2,4,6- trihydroxyphenyl]-3-(4-hydroxyphenyl)propan-1-one\"""", ""\""Methyl 2,2-dimethyl-1-oxo-2H-1-benzopyran-6-carboxylate\"""", ""\""Methyl (3R,4R,5R)-3-{[(2Z)-3-(3,4-dihydroxyphenyl)-2-propenoyl]oxy}-1,4,5-trihydroxycyclohexanecarboxylate\"""", ""\""Methyl (3R,4R,5R)-3-{[(2E)-3-(3,4-dihydroxyphenyl)-2-propenoyl]oxy}-1,4,5-trihydroxycyclohexanecarboxylate\"""", ""\""4-metoxi-6-[2-(metilamino)fenil]- 2H-piran-2-ona\"""", ""\""Methyl-2,2-dimethyl-8-(3'-methylbut-2'-enyl)chroman-6-carboxylate\"""", ""\""1- (5,7-dihydroxy-2,2-dimethylchroman-6-yl)-3-(2,2-dimethylchroman- 6-yl)propan-1-one\"""", ""\""Methyl-2,2-dimethylchroman-6-carboxylate\"""", ""\""N-[3-(6'-methoxy-3',4'-methy-lenedioxyphenyl)-2(Z)-propenoyl]pyrrolidine\"""", ""\""Methyl 6,7,8-trimethoxydihydrocinnamate\"""", ""\""3-(3',7 '-dimethyl-2',6 '-octadienyl)-4-methoxy-benzoic acid\"""", ""\""Methyl-8-(ethanoyloxy)-2,2-dimethyl-2H-chromene-6-carboxylate\"""", ""\""N-[7-(3',4'-methylenedioxyphenyl)-2(Z),4(Z)-heptadienoyl]pyrrolidine\"""", ""\""3-O-\u03b2-D-quinovopyranosyl cincholic acid\"""", ""\""3-O-methylquercetin\"""", ""\""5-[3''-(\u03b2-D-glucopyranosyloxy)propyl]-7-methoxy-2-(3',4'-dimethoxyphenyl)benzofuran\"""", ""\""5-[3''-(\u03b2-D-glucopyranosyloxy)propyl]-7-methoxy-2-(3',4'-methylenedioxyphenyl)benzofuran\"""", ""\""Methyl-8-hydroxy-2,2-dimethyl-2H-chromene-6-carboxylate\"""", ""\""N-[10- (13,14-methylenedioxyphenyl)-7(E)-pentaenoyl]-pyrrolidine\"""", ""\""5,7-dimethoxy-2,2-dimethyl-2H-1-benzopyran-6-propanoate\"""", ""\""Methyl-8-hydroxy-2,2-dimethylchroman-6-carboxylate\"""", ""\""(3-(2-(4-hydroxyphenyl)-2-oxoethyl)-5,6-dihydropyridin- 2(1H)-one)\"""", ""\""Methyl taboganate; Methyl 4-hydroxy-3-(3'-methyl-1'-oxo-2'-butenyl)benzoate\"""", ""\""2-(R)-Methyl-6-(S)-(tetradecyl-13'-one)-3(R)-O-tert-butyldimethylsilyl-piperidine\"""", ""\""3',4'-methylenedioxy-5,7-dimethoxyflavone\"""", ""\""(2S)-Methyl-8-isopentyl-2-methyl-2-(4'-methylpentyl)chroman-6-carboxylate\"""", ""\""3',4'-methylenedioxy-5,5',6,7-tetramethoxyflavone\"""", ""\""8-hydroxy-6-methoxy-3-methylisocoumarin\"""", ""\""3-O-\u03b2-D-quinovopyranosyl quinovic acid\"""", ""\""N-[10-(13,14-methylenedioxyphenyl)-7(E),9(Z)-pentadienoyl]-pyrrolidine\"""", ""\""1-(5,7-dihydroxy-2,2-dimethylchroman- 6-yl)-3-[4-hydroxy-3-(3-methylbut-2-en-1-yl)- phenyl]propan-1-one\"""", ""\""4-Hydroxy-3-(3',7'-dimethylocta-2'-E-6'-dienyl)benzoic acid\"""", ""\""(2S)-Methyl-2-methyl-8-(3\""-methylbut-2\""-enyl)-2-(4'-methylpent-3'-enyl)-2H-chromene-6-carboxylate\"""", ""\""4-Hydroxy-(3',7'-dimethyl-1'-oxo-octa-2'-Z-6'-dienyl)benzoic acid\"""", ""\""Hostmaniene; 4-Hydroxy-3-(2',3'-dihydroxy-3'-methylbutyl)benzoate\"""", ""\""Ethyl 2,4-dihydroxy-5,6-dimethylbenzoate\"""", ""\""(3Z,5Z)-N-isobutyl-8-(30,40-methylenedioxy-phenyl)-heptadienamide\""""]]","doi_name"
"[""10.1590/S0103-50532002000100010"", ""2-n-nonyl-4-quinolone""]","[""10.1590/S0103-50532002000100010"", [""\""1-methyl-2-n-nonyl-4-quinolone\"""", ""\""2-n-nonyl-4-quinolone\"""", ""\""2-(3',4'-methylenedioxyphenylethyl)-Quinoline\"""", ""\""2-(1'-pentenyl)-Quinoline\"""", ""\""2-n-Propylquinoline\"""", ""\""2-n-Pentylquinoline\"""", ""\""2-phenyl-4H-chromen-4-one\"""", ""\""2-Methyl-5-methoxy-benzopyran-4-one\"""", ""\""Methyl 4-hydroxy-3-(3'-methyl-2'-butenyl)benzoate\"""", ""\""5-(3'' -Hydroxypropyl)-7-methoxy-2-(3',4' -methyl-enedioxyphenyl)benzofuran\"""", ""\""Methyl 4-hydroxy-3-(3'-methyl-2'-hydroxy-3'-butenyl)benzoate\"""", ""\""4-Methoxy-3-(3',7'-dimethylocta-2'-E-6'-dienyl)benzoic acid\"""", ""\""3,4-dimethyl-2-(4'-hydroxy-3',5'-dimethoxyphenyl)-5-methoxy-tetrahydrofuran\"""", ""\""1-[3-(3,7-dimethylocta-2,6-dien-1-yl)-2,4,6- trihydroxyphenyl]-3-(4-hydroxyphenyl)propan-1-one\"""", ""\""Methyl 2,2-dimethyl-1-oxo-2H-1-benzopyran-6-carboxylate\"""", ""\""Methyl (3R,4R,5R)-3-{[(2Z)-3-(3,4-dihydroxyphenyl)-2-propenoyl]oxy}-1,4,5-trihydroxycyclohexanecarboxylate\"""", ""\""Methyl (3R,4R,5R)-3-{[(2E)-3-(3,4-dihydroxyphenyl)-2-propenoyl]oxy}-1,4,5-trihydroxycyclohexanecarboxylate\"""", ""\""4-metoxi-6-[2-(metilamino)fenil]- 2H-piran-2-ona\"""", ""\""Methyl-2,2-dimethyl-8-(3'-methylbut-2'-enyl)chroman-6-carboxylate\"""", ""\""1- (5,7-dihydroxy-2,2-dimethylchroman-6-yl)-3-(2,2-dimethylchroman- 6-yl)propan-1-one\"""", ""\""Methyl-2,2-dimethylchroman-6-carboxylate\"""", ""\""N-[3-(6'-methoxy-3',4'-methy-lenedioxyphenyl)-2(Z)-propenoyl]pyrrolidine\"""", ""\""Methyl 6,7,8-trimethoxydihydrocinnamate\"""", ""\""3-(3',7 '-dimethyl-2',6 '-octadienyl)-4-methoxy-benzoic acid\"""", ""\""Methyl-8-(ethanoyloxy)-2,2-dimethyl-2H-chromene-6-carboxylate\"""", ""\""N-[7-(3',4'-methylenedioxyphenyl)-2(Z),4(Z)-heptadienoyl]pyrrolidine\"""", ""\""3-O-\u03b2-D-quinovopyranosyl cincholic acid\"""", ""\""3-O-methylquercetin\"""", ""\""5-[3''-(\u03b2-D-glucopyranosyloxy)propyl]-7-methoxy-2-(3',4'-dimethoxyphenyl)benzofuran\"""", ""\""5-[3''-(\u03b2-D-glucopyranosyloxy)propyl]-7-methoxy-2-(3',4'-methylenedioxyphenyl)benzofuran\"""", ""\""Methyl-8-hydroxy-2,2-dimethyl-2H-chromene-6-carboxylate\"""", ""\""N-[10- (13,14-methylenedioxyphenyl)-7(E)-pentaenoyl]-pyrrolidine\"""", ""\""5,7-dimethoxy-2,2-dimethyl-2H-1-benzopyran-6-propanoate\"""", ""\""Methyl-8-hydroxy-2,2-dimethylchroman-6-carboxylate\"""", ""\""(3-(2-(4-hydroxyphenyl)-2-oxoethyl)-5,6-dihydropyridin- 2(1H)-one)\"""", ""\""Methyl taboganate; Methyl 4-hydroxy-3-(3'-methyl-1'-oxo-2'-butenyl)benzoate\"""", ""\""2-(R)-Methyl-6-(S)-(tetradecyl-13'-one)-3(R)-O-tert-butyldimethylsilyl-piperidine\"""", ""\""3',4'-methylenedioxy-5,7-dimethoxyflavone\"""", ""\""(2S)-Methyl-8-isopentyl-2-methyl-2-(4'-methylpentyl)chroman-6-carboxylate\"""", ""\""3',4'-methylenedioxy-5,5',6,7-tetramethoxyflavone\"""", ""\""8-hydroxy-6-methoxy-3-methylisocoumarin\"""", ""\""3-O-\u03b2-D-quinovopyranosyl quinovic acid\"""", ""\""N-[10-(13,14-methylenedioxyphenyl)-7(E),9(Z)-pentadienoyl]-pyrrolidine\"""", ""\""1-(5,7-dihydroxy-2,2-dimethylchroman- 6-yl)-3-[4-hydroxy-3-(3-methylbut-2-en-1-yl)- phenyl]propan-1-one\"""", ""\""4-Hydroxy-3-(3',7'-dimethylocta-2'-E-6'-dienyl)benzoic acid\"""", ""\""(2S)-Methyl-2-methyl-8-(3\""-methylbut-2\""-enyl)-2-(4'-methylpent-3'-enyl)-2H-chromene-6-carboxylate\"""", ""\""4-Hydroxy-(3',7'-dimethyl-1'-oxo-octa-2'-Z-6'-dienyl)benzoic acid\"""", ""\""Hostmaniene; 4-Hydroxy-3-(2',3'-dihydroxy-3'-methylbutyl)benzoate\"""", ""\""Ethyl 2,4-dihydroxy-5,6-dimethylbenzoate\"""", ""\""(3Z,5Z)-N-isobutyl-8-(30,40-methylenedioxy-phenyl)-heptadienamide\""""]]","doi_name"
"[""10.1590/S0103-50532003000300007"", ""3',4',5',3,5,7,8-heptamethoxyflavone""]","[""10.1590/S0103-50532003000300007"", [""\""3',4',5',5,7-pentamethoxyflavone\"""", ""\""3',4',5',3,5,7,8-heptamethoxyflavone\"""", ""\""3',4',5',5,7,8-hexamethoxyflavone\"""", ""\""3',4'-methylenedioxy-5,5',6,7-tetramethoxyflavone\"""", ""\""3',4'-methylenedioxy-5,6,7- trimethoxyflavone\"""", ""\""3',4'-methylenedioxy-5,7-dimethoxyflavone\"""", ""\""3,5,6,7,3',4',5'-heptamethoxyflavonol\"""", ""\""8-hydroxy-3,5,7,3',4',5'-hexamethoxyflavonol\"""", ""\""7,4'-Dimethoxyflavone\"""", ""\""7,4'-Dihydroxyflavone\"""", ""\""2',5-dihydroxy-3-methoxy-8-dimethylallyl-6, 7-(2' ',2''-dimethylpyrano)-dihydroflavonol\"""", ""\""5-hydroxyflavone\"""", ""\""2'-hydroxy-3,4,4'-trimethoxy-5',6'-(2'',2''-dimethylpyrano)-chalcone\"""", ""\""3,7,4-O-trimethylkaempferol\"""", ""\""3,4,5-trimethoxyphenyl 1-O-\u03b2-D-apiofuranosyl-(1\u21926)-O-\u03b2-D-glucopyranoside\"""", ""\""2',6'-Dihydroxy-4'-methoxydihydrochalcone\"""", ""\""3,4,5-Trimethoxyphenyl-1-O-\u03b2-D-(5-O-syringoyl)-apiofuranosyl-(1\u21926)-\u03b2-D-glucopyranoside\"""", ""\""7-Hydroxy-4',6-dimethoxyisoflavone; Afrormosin; Afromosin\"""", ""\""8-hydroxy-6-methoxy-3-methylisocoumarin\"""", ""\""3,3-O-dimethylquercetin\"""", ""\""1,3,5-trihydroxy-4-methoxy-10-methyl- 2,8-bis(3-methylbut-2-enyl)acridin-9(10H)-one\"""", ""\""7-hydroxy-3- (11-dimethylallyl)-8-methoxycoumarin\"""", ""\""1-[3-(3,7-dimethylocta-2,6-dien-1-yl)-2,4,6- trihydroxyphenyl]-3-(4-hydroxyphenyl)propan-1-one\"""", ""\""Sakuranetin; 5,4'-dihydroxy-7-methoxyflavanone\"""", ""\""3,4-dihydro-3,5,8-trihydroxy-6-methoxy-2,2,7-trimethyl-2Hpyrano[ 2,3-a]acridin-12(7H)-one\"""", ""\""2-oxo-piperol B; (7S*, 8R*, 1R*, 3R*)-3,4,5-trimethoxy-3,7-cyclo-8,1-neolig-8-ene-2,4(3H)-dione\"""", ""\""3-(3',7 '-dimethyl-2',6 '-octadienyl)-4-methoxy-benzoic acid\"""", ""\""5-(3'' -Hydroxypropyl)-7-methoxy-2-(3',4' -methyl-enedioxyphenyl)benzofuran\"""", ""\""1-(5,7-dihydroxy-2,2-dimethylchroman-6-yl)-3-(1,1,4a-trimethyl-2,3,4,4a,9a-hexahydro-1H-xanthen-7-yl)propan-1-one\"""", ""\""Podocarpusflavone A\"""", ""\""Isosakuranetin; 5,7-dihydroxy-4'-methoxyflavanone\"""", ""\""Rel-(7R,8S,7'S,8'S)-4'-hydroxy-3,4,5,3',5'-pentamethoxy-7,7'-epoxylignan\"""", ""\""7-Methoxydiderroside\"""", ""\""8-methoxymellein\"""", ""\""1-(5,7-dihydroxy-2,2-dimethylchroman- 6-yl)-3-[4-hydroxy-3-(3-methylbut-2-en-1-yl)- phenyl]propan-1-one\"""", ""\""3-O-methylquercetin\"""", ""\""3,4,5-Trimethoxydihydrocinnamic acid\"""", ""\""Kaempferol-3-O-D-glucopyranoside\"""", ""\""Kaempferol-3-O-D-galactopyranoside\"""", ""\""1,3,5-trihydroxy- 2,8-bis(3-methylbut-2-enyl)-10-methyl-9-acridone\"""", ""\""8,9-dihydropiplartine; N-(12,13,14-trimethoxydihydrocinnamoyl)-\u03943-pyridin-2-one\"""", ""\""Methyl 6,7,8-trimethoxydihydrocinnamate\"""", ""\""1- (5,7-dihydroxy-2,2-dimethylchroman-6-yl)-3-(2,2-dimethylchroman- 6-yl)propan-1-one\"""", ""\""Heveaflavone\"""", ""\""3,4-dimethyl-2-(4'-hydroxy-3',5'-dimethoxyphenyl)-5-methoxy-tetrahydrofuran\"""", ""\""(3R,4R)-4,7-Dihydroxymellein\"""", ""\""1-methoxy-3-hydroxy-3,10b-4,5a-diepoxy-8b-isobutyroyloxygermacr-11(13)-en-6a,12-olide\"""", ""\""Rel-(7R,8S,7'S,8'S)-4',5'-methylenedioxy-3,4,5,3'-tetramethoxy-7,7'-epoxylignan\"""", ""\""Kaempferol-3-O-rutinoside\"""", ""\""5-[3''-(\u03b2-D-glucopyranosyloxy)propyl]-7-methoxy-2-(3',4'-dimethoxyphenyl)benzofuran\""""]]","doi_name"
"[""10.1590/S0103-50532003000300007"", ""3,5,6,7,3',4',5'-heptamethoxyflavonol""]","[""10.1590/S0103-50532003000300007"", [""\""3',4',5',5,7-pentamethoxyflavone\"""", ""\""3',4',5',3,5,7,8-heptamethoxyflavone\"""", ""\""3',4',5',5,7,8-hexamethoxyflavone\"""", ""\""3',4'-methylenedioxy-5,5',6,7-tetramethoxyflavone\"""", ""\""3',4'-methylenedioxy-5,6,7- trimethoxyflavone\"""", ""\""3',4'-methylenedioxy-5,7-dimethoxyflavone\"""", ""\""3,5,6,7,3',4',5'-heptamethoxyflavonol\"""", ""\""8-hydroxy-3,5,7,3',4',5'-hexamethoxyflavonol\"""", ""\""7,4'-Dimethoxyflavone\"""", ""\""7,4'-Dihydroxyflavone\"""", ""\""2',5-dihydroxy-3-methoxy-8-dimethylallyl-6, 7-(2' ',2''-dimethylpyrano)-dihydroflavonol\"""", ""\""5-hydroxyflavone\"""", ""\""2'-hydroxy-3,4,4'-trimethoxy-5',6'-(2'',2''-dimethylpyrano)-chalcone\"""", ""\""3,7,4-O-trimethylkaempferol\"""", ""\""3,4,5-trimethoxyphenyl 1-O-\u03b2-D-apiofuranosyl-(1\u21926)-O-\u03b2-D-glucopyranoside\"""", ""\""2',6'-Dihydroxy-4'-methoxydihydrochalcone\"""", ""\""3,4,5-Trimethoxyphenyl-1-O-\u03b2-D-(5-O-syringoyl)-apiofuranosyl-(1\u21926)-\u03b2-D-glucopyranoside\"""", ""\""7-Hydroxy-4',6-dimethoxyisoflavone; Afrormosin; Afromosin\"""", ""\""8-hydroxy-6-methoxy-3-methylisocoumarin\"""", ""\""3,3-O-dimethylquercetin\"""", ""\""1,3,5-trihydroxy-4-methoxy-10-methyl- 2,8-bis(3-methylbut-2-enyl)acridin-9(10H)-one\"""", ""\""7-hydroxy-3- (11-dimethylallyl)-8-methoxycoumarin\"""", ""\""1-[3-(3,7-dimethylocta-2,6-dien-1-yl)-2,4,6- trihydroxyphenyl]-3-(4-hydroxyphenyl)propan-1-one\"""", ""\""Sakuranetin; 5,4'-dihydroxy-7-methoxyflavanone\"""", ""\""3,4-dihydro-3,5,8-trihydroxy-6-methoxy-2,2,7-trimethyl-2Hpyrano[ 2,3-a]acridin-12(7H)-one\"""", ""\""2-oxo-piperol B; (7S*, 8R*, 1R*, 3R*)-3,4,5-trimethoxy-3,7-cyclo-8,1-neolig-8-ene-2,4(3H)-dione\"""", ""\""3-(3',7 '-dimethyl-2',6 '-octadienyl)-4-methoxy-benzoic acid\"""", ""\""5-(3'' -Hydroxypropyl)-7-methoxy-2-(3',4' -methyl-enedioxyphenyl)benzofuran\"""", ""\""1-(5,7-dihydroxy-2,2-dimethylchroman-6-yl)-3-(1,1,4a-trimethyl-2,3,4,4a,9a-hexahydro-1H-xanthen-7-yl)propan-1-one\"""", ""\""Podocarpusflavone A\"""", ""\""Isosakuranetin; 5,7-dihydroxy-4'-methoxyflavanone\"""", ""\""Rel-(7R,8S,7'S,8'S)-4'-hydroxy-3,4,5,3',5'-pentamethoxy-7,7'-epoxylignan\"""", ""\""7-Methoxydiderroside\"""", ""\""8-methoxymellein\"""", ""\""1-(5,7-dihydroxy-2,2-dimethylchroman- 6-yl)-3-[4-hydroxy-3-(3-methylbut-2-en-1-yl)- phenyl]propan-1-one\"""", ""\""3-O-methylquercetin\"""", ""\""3,4,5-Trimethoxydihydrocinnamic acid\"""", ""\""Kaempferol-3-O-D-glucopyranoside\"""", ""\""1,3,5-trihydroxy- 2,8-bis(3-methylbut-2-enyl)-10-methyl-9-acridone\"""", ""\""Kaempferol-3-O-D-galactopyranoside\"""", ""\""8,9-dihydropiplartine; N-(12,13,14-trimethoxydihydrocinnamoyl)-\u03943-pyridin-2-one\"""", ""\""Methyl 6,7,8-trimethoxydihydrocinnamate\"""", ""\""1- (5,7-dihydroxy-2,2-dimethylchroman-6-yl)-3-(2,2-dimethylchroman- 6-yl)propan-1-one\"""", ""\""3,4-dimethyl-2-(4'-hydroxy-3',5'-dimethoxyphenyl)-5-methoxy-tetrahydrofuran\"""", ""\""Heveaflavone\"""", ""\""(3R,4R)-4,7-Dihydroxymellein\"""", ""\""1-methoxy-3-hydroxy-3,10b-4,5a-diepoxy-8b-isobutyroyloxygermacr-11(13)-en-6a,12-olide\"""", ""\""Rel-(7R,8S,7'S,8'S)-4',5'-methylenedioxy-3,4,5,3'-tetramethoxy-7,7'-epoxylignan\"""", ""\""Kaempferol-3-O-rutinoside\"""", ""\""5-[3''-(\u03b2-D-glucopyranosyloxy)propyl]-7-methoxy-2-(3',4'-dimethoxyphenyl)benzofuran\""""]]","doi_name"
"[""10.1590/S0103-50532003000500012"", ""Chlorogenic acid methyl ester, Methyl (1S,3R,4R,5R)-3-{[(2E)-3-(3,4-dihydroxyphenyl)-2-propenoyl]oxy}-1,4,5-trihydroxycyclohexanecarboxylate""]","[""10.1590/S0103-50532003000500012"", [""\""6-Hydroxy-rutin\"""", ""\""Kaempferol-3-O-rutinoside\"""", ""\""Ricinine\"""", ""\""Pedalitin\"""", ""\""Quercetin\"""", ""\""Verrucosin\"""", ""\""acacetin\"""", ""\""Ourateacatechin\"""", ""\""Orcinol\"""", ""\""Nilocetin\"""", ""\""Salacin\"""", ""\""Plumericin\"""", ""\""Uracil\"""", ""\""Xanthyletin\"""", ""\""Sorbifolin\"""", ""\""Piperine\"""", ""\""Arboreumine\"""", ""\""fraxinellone\"""", ""\""Diderroside\"""", ""\""taxifolin\"""", ""\""Anhydrofusarubin\"""", ""\""Fasciculiferin\"""", ""\""Pyranofoline\"""", ""\""Proanthocyanidin\"""", ""\""Kaempferitrin\"""", ""\""Isopimpinellin\"""", ""\""Turbinatine\"""", ""\""Muraxanthone\"""", ""\""Eugenitin\"""", ""\""Mangiferin\"""", ""\""Odoratone\"""", ""\""fraxinellonone\"""", ""\""Farnisine\"""", ""\""Casearin T\"""", ""\""Cognatine\"""", ""\""Odoratol\"""", ""\""Burchellin\"""", ""\""Kokusaginine\"""", ""\""Haplotusine\"""", ""\""atalaphyllinine\"""", ""\""Casearupestrin B\"""", ""\""Luteolin; 2-(3,4-dihydroxyphenyl)-5,7-dihydroxy-4H-chromen-4-one\"""", ""\""Sakuranetin; 5,4'-dihydroxy-7-methoxyflavanone\"""", ""\""Tithonine\"""", ""\""Teucrein\"""", ""\""Canavaline\"""", ""\""Clusifoliol\"""", ""\""Ocotillone\"""", ""\""Piperovatine\"""", ""\""Citibrasine\""""]]","doi_name"
"[""10.1590/S0103-50532005000400005"", ""2-oxo-piperol B; (7S*, 8R*, 1R*, 3R*)-3,4,5-trimethoxy-3,7-cyclo-8,1-neolig-8-ene-2,4(3H)-dione""]","[""10.1590/S0103-50532005000400005"", [""\""2-oxo-piperol B; (7S*, 8R*, 1R*, 3R*)-3,4,5-trimethoxy-3,7-cyclo-8,1-neolig-8-ene-2,4(3H)-dione\"""", ""\""Rel-(7R,8S,7'S,8'S)-4,5,4',5'-dimethylenedioxy-3,3'-dimethoxy-7,7'-epoxylignan\"""", ""\""Rel-(7R,8S,7'S,8'S)-4',5'-methylenedioxy-3,4,5,3'-tetramethoxy-7,7'-epoxylignan\"""", ""\""Rel-(7R,8S,7'S,8'S)-4-hydroxy-4',5'-methylenedioxy-3,5,3'-trimethoxy-7,7'-epoxylignan\"""", ""\""Rel-(7R,8S,7'S,8'S)-9-hydroxy-4',5'-methylenedioxy-3,4,5,3'-tetramethoxy-7,7'-epoxylignan\"""", ""\""Rel-(7R,8S,7'S,8'S)-4'-hydroxy-3,4,5,3',5'-pentamethoxy-7,7'-epoxylignan\"""", ""\""(3R,4R)-4,7-Dihydroxymellein\"""", ""\""1,3,5-trihydroxy-4-methoxy-10-methyl- 2,8-bis(3-methylbut-2-enyl)acridin-9(10H)-one\"""", ""\""3,4-dihydro-3,5,8-trihydroxy-6-methoxy-2,2,7-trimethyl-2Hpyrano[ 2,3-a]acridin-12(7H)-one\"""", ""\""(3R,4R)-3,4-Dihydro-4,6-dihydroxy-3-methyl-1-oxo-1H-isochromene-5-carboxylic acid\"""", ""\""(4R)-4,8-dihydroxy-\u03b1-tetralone\"""", ""\""1,3,5-trihydroxy- 2,8-bis(3-methylbut-2-enyl)-10-methyl-9-acridone\"""", ""\""3',4'-methylenedioxy-5,5',6,7-tetramethoxyflavone\"""", ""\""8,9-dihydropiplartine; N-(12,13,14-trimethoxydihydrocinnamoyl)-\u03943-pyridin-2-one\"""", ""\""(3Z,5Z)-N-isobutyl-8-(30,40-methylenedioxy-phenyl)-heptadienamide\"""", ""\""1-[3-(3,7-dimethylocta-2,6-dien-1-yl)-2,4,6- trihydroxyphenyl]-3-(4-hydroxyphenyl)propan-1-one\"""", ""\""3',4'-methylenedioxy-5,6,7- trimethoxyflavone\"""", ""\""Methyl 6,7,8-trimethoxydihydrocinnamate\"""", ""\""N-[7-(3',4'-methylenedioxyphenyl)-2(Z),4(Z)-heptadienoyl]pyrrolidine\"""", ""\""Rel-(+)-(7S,9R,10S)-3,9,12-trihydroxycalamenene\"""", ""\""2-(R)-Methyl-6-(S)-(tetradecyl-13'-one)-3(R)-O-tert-butyldimethylsilyl-piperidine\"""", ""\""N-[10-(13,14-methylenedioxyphenyl)-7(E),9(Z)-pentadienoyl]-pyrrolidine\"""", ""\""3-(3',7 '-dimethyl-2',6 '-octadienyl)-4-methoxy-benzoic acid\"""", ""\""2,3-dihydro-4,9-dihydroxy-2-(2-hydroxy-propan-2-yl)- 11-methoxy-10-methylfuro[3,2-b]acridin-5(10H)-one\"""", ""\""3,4,5-trimethoxyphenyl 1-O-\u03b2-D-apiofuranosyl-(1\u21926)-O-\u03b2-D-glucopyranoside\"""", ""\""(3-(2-(4-hydroxyphenyl)-2-oxoethyl)-5,6-dihydropyridin- 2(1H)-one)\"""", ""\""3',4'-methylenedioxy-5,7-dimethoxyflavone\"""", ""\""(2S)-Methyl-2-methyl-8-(3\""-methylbut-2\""-enyl)-2-(4'-methylpent-3'-enyl)-2H-chromene-6-carboxylate\"""", ""\""1,2-dihydro- 3\u03b2-hydroxy-7-deacetoxy-7-oxogedunin\"""", ""\""(2S)-2-methyl-8-(3\""-methylbut-2\""-enyl)-2-(4'-methylpent-3'-enyl)-2H-chromene-6-carboxylic acid\"""", ""\""1-methoxy-3-hydroxy-3,10b-4,5a-diepoxy-8b-isobutyroyloxygermacr-11(13)-en-6a,12-olide\"""", ""\""3,4,5-Trimethoxyphenyl-1-O-\u03b2-D-(5-O-syringoyl)-apiofuranosyl-(1\u21926)-\u03b2-D-glucopyranoside\"""", ""\""Rel. (+)-(7S,10S) 3,12-dihydroxycalamenene\"""", ""\""7-hydroxy-3- (11-dimethylallyl)-8-methoxycoumarin\"""", ""\""1- (5,7-dihydroxy-2,2-dimethylchroman-6-yl)-3-(2,2-dimethylchroman- 6-yl)propan-1-one\"""", ""\""N-[10- (13,14-methylenedioxyphenyl)-7(E)-pentaenoyl]-pyrrolidine\"""", ""\""1-(5,7-dihydroxy-2,2-dimethylchroman-6-yl)-3-(1,1,4a-trimethyl-2,3,4,4a,9a-hexahydro-1H-xanthen-7-yl)propan-1-one\"""", ""\""(R)-7-Hydroxymellein\"""", ""\""1,4-Dihydroxy-2-(3',7'-dimethyl-1'-oxo-2'-E-6'-octadienyl)benzene\"""", ""\""Methyl (E)-6,7,8-trimethoxycinnamate\"""", ""\""3',4',5',3,5,7,8-heptamethoxyflavone\"""", ""\""2\u03b1,3\u03b1-dihydroxyolean-12- en-28-oic acid\"""", ""\""3,4-dimethyl-2-(4'-hydroxy-3',5'-dimethoxyphenyl)-5-methoxy-tetrahydrofuran\"""", ""\""22-hydroxytirucalla-7,24-diene-2,3-dione\"""", ""\""2',5-dihydroxy-3-methoxy-8-dimethylallyl-6, 7-(2' ',2''-dimethylpyrano)-dihydroflavonol\"""", ""\""(-) Cis-4-hydroxy-6-deoxyscytalone\"""", ""\""(22E,24R)-ergosta-4,6,8(14),22-tetraen-3-one\"""", ""\""Cuspanine; 1-hydroxy-2,3,5,6-tetramethoxy-9-acridone\"""", ""\""3,11-dioxoolean-12-en-28- onic acid\"""", ""\""2'-hydroxy-3,4,4'-trimethoxy-5',6'-(2'',2''-dimethylpyrano)-chalcone\""""]]","doi_name"
"[""10.1590/S0103-50532005000400005"", ""Burchellin""]","[""10.1590/S0103-50532005000400005"", [""\""2-oxo-piperol B; (7S*, 8R*, 1R*, 3R*)-3,4,5-trimethoxy-3,7-cyclo-8,1-neolig-8-ene-2,4(3H)-dione\"""", ""\""Rel-(7R,8S,7'S,8'S)-4,5,4',5'-dimethylenedioxy-3,3'-dimethoxy-7,7'-epoxylignan\"""", ""\""Rel-(7R,8S,7'S,8'S)-4',5'-methylenedioxy-3,4,5,3'-tetramethoxy-7,7'-epoxylignan\"""", ""\""Rel-(7R,8S,7'S,8'S)-4-hydroxy-4',5'-methylenedioxy-3,5,3'-trimethoxy-7,7'-epoxylignan\"""", ""\""Rel-(7R,8S,7'S,8'S)-9-hydroxy-4',5'-methylenedioxy-3,4,5,3'-tetramethoxy-7,7'-epoxylignan\"""", ""\""Rel-(7R,8S,7'S,8'S)-4'-hydroxy-3,4,5,3',5'-pentamethoxy-7,7'-epoxylignan\"""", ""\""(3R,4R)-4,7-Dihydroxymellein\"""", ""\""1,3,5-trihydroxy-4-methoxy-10-methyl- 2,8-bis(3-methylbut-2-enyl)acridin-9(10H)-one\"""", ""\""3,4-dihydro-3,5,8-trihydroxy-6-methoxy-2,2,7-trimethyl-2Hpyrano[ 2,3-a]acridin-12(7H)-one\"""", ""\""(3R,4R)-3,4-Dihydro-4,6-dihydroxy-3-methyl-1-oxo-1H-isochromene-5-carboxylic acid\"""", ""\""(4R)-4,8-dihydroxy-\u03b1-tetralone\"""", ""\""1,3,5-trihydroxy- 2,8-bis(3-methylbut-2-enyl)-10-methyl-9-acridone\"""", ""\""3',4'-methylenedioxy-5,5',6,7-tetramethoxyflavone\"""", ""\""8,9-dihydropiplartine; N-(12,13,14-trimethoxydihydrocinnamoyl)-\u03943-pyridin-2-one\"""", ""\""(3Z,5Z)-N-isobutyl-8-(30,40-methylenedioxy-phenyl)-heptadienamide\"""", ""\""1-[3-(3,7-dimethylocta-2,6-dien-1-yl)-2,4,6- trihydroxyphenyl]-3-(4-hydroxyphenyl)propan-1-one\"""", ""\""3',4'-methylenedioxy-5,6,7- trimethoxyflavone\"""", ""\""Methyl 6,7,8-trimethoxydihydrocinnamate\"""", ""\""N-[7-(3',4'-methylenedioxyphenyl)-2(Z),4(Z)-heptadienoyl]pyrrolidine\"""", ""\""Rel-(+)-(7S,9R,10S)-3,9,12-trihydroxycalamenene\"""", ""\""2-(R)-Methyl-6-(S)-(tetradecyl-13'-one)-3(R)-O-tert-butyldimethylsilyl-piperidine\"""", ""\""N-[10-(13,14-methylenedioxyphenyl)-7(E),9(Z)-pentadienoyl]-pyrrolidine\"""", ""\""3-(3',7 '-dimethyl-2',6 '-octadienyl)-4-methoxy-benzoic acid\"""", ""\""2,3-dihydro-4,9-dihydroxy-2-(2-hydroxy-propan-2-yl)- 11-methoxy-10-methylfuro[3,2-b]acridin-5(10H)-one\"""", ""\""3,4,5-trimethoxyphenyl 1-O-\u03b2-D-apiofuranosyl-(1\u21926)-O-\u03b2-D-glucopyranoside\"""", ""\""(3-(2-(4-hydroxyphenyl)-2-oxoethyl)-5,6-dihydropyridin- 2(1H)-one)\"""", ""\""3',4'-methylenedioxy-5,7-dimethoxyflavone\"""", ""\""(2S)-Methyl-2-methyl-8-(3\""-methylbut-2\""-enyl)-2-(4'-methylpent-3'-enyl)-2H-chromene-6-carboxylate\"""", ""\""1,2-dihydro- 3\u03b2-hydroxy-7-deacetoxy-7-oxogedunin\"""", ""\""(2S)-2-methyl-8-(3\""-methylbut-2\""-enyl)-2-(4'-methylpent-3'-enyl)-2H-chromene-6-carboxylic acid\"""", ""\""1-methoxy-3-hydroxy-3,10b-4,5a-diepoxy-8b-isobutyroyloxygermacr-11(13)-en-6a,12-olide\"""", ""\""3,4,5-Trimethoxyphenyl-1-O-\u03b2-D-(5-O-syringoyl)-apiofuranosyl-(1\u21926)-\u03b2-D-glucopyranoside\"""", ""\""Rel. (+)-(7S,10S) 3,12-dihydroxycalamenene\"""", ""\""7-hydroxy-3- (11-dimethylallyl)-8-methoxycoumarin\"""", ""\""1- (5,7-dihydroxy-2,2-dimethylchroman-6-yl)-3-(2,2-dimethylchroman- 6-yl)propan-1-one\"""", ""\""N-[10- (13,14-methylenedioxyphenyl)-7(E)-pentaenoyl]-pyrrolidine\"""", ""\""1-(5,7-dihydroxy-2,2-dimethylchroman-6-yl)-3-(1,1,4a-trimethyl-2,3,4,4a,9a-hexahydro-1H-xanthen-7-yl)propan-1-one\"""", ""\""(R)-7-Hydroxymellein\"""", ""\""1,4-Dihydroxy-2-(3',7'-dimethyl-1'-oxo-2'-E-6'-octadienyl)benzene\"""", ""\""Methyl (E)-6,7,8-trimethoxycinnamate\"""", ""\""3',4',5',3,5,7,8-heptamethoxyflavone\"""", ""\""2\u03b1,3\u03b1-dihydroxyolean-12- en-28-oic acid\"""", ""\""3,4-dimethyl-2-(4'-hydroxy-3',5'-dimethoxyphenyl)-5-methoxy-tetrahydrofuran\"""", ""\""22-hydroxytirucalla-7,24-diene-2,3-dione\"""", ""\""2',5-dihydroxy-3-methoxy-8-dimethylallyl-6, 7-(2' ',2''-dimethylpyrano)-dihydroflavonol\"""", ""\""(-) Cis-4-hydroxy-6-deoxyscytalone\"""", ""\""(22E,24R)-ergosta-4,6,8(14),22-tetraen-3-one\"""", ""\""Cuspanine; 1-hydroxy-2,3,5,6-tetramethoxy-9-acridone\"""", ""\""3,11-dioxoolean-12-en-28- onic acid\"""", ""\""2'-hydroxy-3,4,4'-trimethoxy-5',6'-(2'',2''-dimethylpyrano)-chalcone\""""]]","doi_name"
"[""10.1590/S0103-50532005000400005"", ""Piperol B""]","[""10.1590/S0103-50532005000400005"", [""\""2-oxo-piperol B; (7S*, 8R*, 1R*, 3R*)-3,4,5-trimethoxy-3,7-cyclo-8,1-neolig-8-ene-2,4(3H)-dione\"""", ""\""Rel-(7R,8S,7'S,8'S)-4,5,4',5'-dimethylenedioxy-3,3'-dimethoxy-7,7'-epoxylignan\"""", ""\""Rel-(7R,8S,7'S,8'S)-4',5'-methylenedioxy-3,4,5,3'-tetramethoxy-7,7'-epoxylignan\"""", ""\""Rel-(7R,8S,7'S,8'S)-4-hydroxy-4',5'-methylenedioxy-3,5,3'-trimethoxy-7,7'-epoxylignan\"""", ""\""Rel-(7R,8S,7'S,8'S)-9-hydroxy-4',5'-methylenedioxy-3,4,5,3'-tetramethoxy-7,7'-epoxylignan\"""", ""\""Rel-(7R,8S,7'S,8'S)-4'-hydroxy-3,4,5,3',5'-pentamethoxy-7,7'-epoxylignan\"""", ""\""(3R,4R)-4,7-Dihydroxymellein\"""", ""\""1,3,5-trihydroxy-4-methoxy-10-methyl- 2,8-bis(3-methylbut-2-enyl)acridin-9(10H)-one\"""", ""\""3,4-dihydro-3,5,8-trihydroxy-6-methoxy-2,2,7-trimethyl-2Hpyrano[ 2,3-a]acridin-12(7H)-one\"""", ""\""(3R,4R)-3,4-Dihydro-4,6-dihydroxy-3-methyl-1-oxo-1H-isochromene-5-carboxylic acid\"""", ""\""(4R)-4,8-dihydroxy-\u03b1-tetralone\"""", ""\""1,3,5-trihydroxy- 2,8-bis(3-methylbut-2-enyl)-10-methyl-9-acridone\"""", ""\""3',4'-methylenedioxy-5,5',6,7-tetramethoxyflavone\"""", ""\""8,9-dihydropiplartine; N-(12,13,14-trimethoxydihydrocinnamoyl)-\u03943-pyridin-2-one\"""", ""\""(3Z,5Z)-N-isobutyl-8-(30,40-methylenedioxy-phenyl)-heptadienamide\"""", ""\""1-[3-(3,7-dimethylocta-2,6-dien-1-yl)-2,4,6- trihydroxyphenyl]-3-(4-hydroxyphenyl)propan-1-one\"""", ""\""3',4'-methylenedioxy-5,6,7- trimethoxyflavone\"""", ""\""Methyl 6,7,8-trimethoxydihydrocinnamate\"""", ""\""N-[7-(3',4'-methylenedioxyphenyl)-2(Z),4(Z)-heptadienoyl]pyrrolidine\"""", ""\""Rel-(+)-(7S,9R,10S)-3,9,12-trihydroxycalamenene\"""", ""\""2-(R)-Methyl-6-(S)-(tetradecyl-13'-one)-3(R)-O-tert-butyldimethylsilyl-piperidine\"""", ""\""N-[10-(13,14-methylenedioxyphenyl)-7(E),9(Z)-pentadienoyl]-pyrrolidine\"""", ""\""3-(3',7 '-dimethyl-2',6 '-octadienyl)-4-methoxy-benzoic acid\"""", ""\""2,3-dihydro-4,9-dihydroxy-2-(2-hydroxy-propan-2-yl)- 11-methoxy-10-methylfuro[3,2-b]acridin-5(10H)-one\"""", ""\""3,4,5-trimethoxyphenyl 1-O-\u03b2-D-apiofuranosyl-(1\u21926)-O-\u03b2-D-glucopyranoside\"""", ""\""(3-(2-(4-hydroxyphenyl)-2-oxoethyl)-5,6-dihydropyridin- 2(1H)-one)\"""", ""\""3',4'-methylenedioxy-5,7-dimethoxyflavone\"""", ""\""(2S)-Methyl-2-methyl-8-(3\""-methylbut-2\""-enyl)-2-(4'-methylpent-3'-enyl)-2H-chromene-6-carboxylate\"""", ""\""1,2-dihydro- 3\u03b2-hydroxy-7-deacetoxy-7-oxogedunin\"""", ""\""(2S)-2-methyl-8-(3\""-methylbut-2\""-enyl)-2-(4'-methylpent-3'-enyl)-2H-chromene-6-carboxylic acid\"""", ""\""1-methoxy-3-hydroxy-3,10b-4,5a-diepoxy-8b-isobutyroyloxygermacr-11(13)-en-6a,12-olide\"""", ""\""3,4,5-Trimethoxyphenyl-1-O-\u03b2-D-(5-O-syringoyl)-apiofuranosyl-(1\u21926)-\u03b2-D-glucopyranoside\"""", ""\""Rel. (+)-(7S,10S) 3,12-dihydroxycalamenene\"""", ""\""7-hydroxy-3- (11-dimethylallyl)-8-methoxycoumarin\"""", ""\""1- (5,7-dihydroxy-2,2-dimethylchroman-6-yl)-3-(2,2-dimethylchroman- 6-yl)propan-1-one\"""", ""\""N-[10- (13,14-methylenedioxyphenyl)-7(E)-pentaenoyl]-pyrrolidine\"""", ""\""1-(5,7-dihydroxy-2,2-dimethylchroman-6-yl)-3-(1,1,4a-trimethyl-2,3,4,4a,9a-hexahydro-1H-xanthen-7-yl)propan-1-one\"""", ""\""(R)-7-Hydroxymellein\"""", ""\""1,4-Dihydroxy-2-(3',7'-dimethyl-1'-oxo-2'-E-6'-octadienyl)benzene\"""", ""\""Methyl (E)-6,7,8-trimethoxycinnamate\"""", ""\""3',4',5',3,5,7,8-heptamethoxyflavone\"""", ""\""2\u03b1,3\u03b1-dihydroxyolean-12- en-28-oic acid\"""", ""\""3,4-dimethyl-2-(4'-hydroxy-3',5'-dimethoxyphenyl)-5-methoxy-tetrahydrofuran\"""", ""\""22-hydroxytirucalla-7,24-diene-2,3-dione\"""", ""\""2',5-dihydroxy-3-methoxy-8-dimethylallyl-6, 7-(2' ',2''-dimethylpyrano)-dihydroflavonol\"""", ""\""(-) Cis-4-hydroxy-6-deoxyscytalone\"""", ""\""(22E,24R)-ergosta-4,6,8(14),22-tetraen-3-one\"""", ""\""Cuspanine; 1-hydroxy-2,3,5,6-tetramethoxy-9-acridone\"""", ""\""3,11-dioxoolean-12-en-28- onic acid\"""", ""\""2'-hydroxy-3,4,4'-trimethoxy-5',6'-(2'',2''-dimethylpyrano)-chalcone\""""]]","doi_name"
"[""10.1590/S0103-50532005000400031"", ""7-hydroxy-3- (11-dimethylallyl)-8-methoxycoumarin""]","[""10.1590/S0103-50532005000400031"", [""\""Xanthyletin\"""", ""\""Proanthocyanidin\"""", ""\""Leptophyllin A\"""", ""\""Muraxanthone\"""", ""\""2-(2'-O-benzoyl)-C-\u03b2-D-glucopyranosyl-1,3,6,7-tetrahydroxyxanthone\"""", ""\""2-(2'-O-transcoumaroyl)-C-\u03b2-D-glucopyranosyl-1,3,6,7-tetrahydroxyxanthone\"""", ""\""atalaphyllinine\"""", ""\""Apodanthoside\"""", ""\""2-(2'-O-trans-caffeoyl)-C-\u03b2-D-glucopyranosyl-1,3,6,7-tetrahydroxyxanthone\"""", ""\""Ourateacatechin\"""", ""\""2-(2'-O-trans-cinnamoyl)-C-\u03b2-D-glucopyranosyl-1,3,6,7-tetrahydroxyxanthone\"""", ""\""Ixoside\"""", ""\""Kaempferol\"""", ""\""Pyranofoline\"""", ""\""4-Hydroxymellein\"""", ""\""acacetin\"""", ""\""Kaempferitrin\"""", ""\""taxifolin\"""", ""\""Mangiferin\"""", ""\""Anhydrofusarubin\"""", ""\""Plumericin\"""", ""\""Quercetin\"""", ""\""Aphidicolin\"""", ""\""Platydesmine\"""", ""\""Chrysoeriol\"""", ""\""Procyanidin B-3\"""", ""\""Teucrein\"""", ""\""Eugenitin\"""", ""\""Sorbifolin\"""", ""\""Fasciculiferin\"""", ""\""Leptomerine\"""", ""\""Luteolin; 2-(3,4-dihydroxyphenyl)-5,7-dihydroxy-4H-chromen-4-one\"""", ""\""Sargachromenol\"""", ""\""Piscidinol A\"""", ""\""Skimmianine\"""", ""\""Isopimpinellin\"""", ""\""fraxinellonone\"""", ""\""Pedalitin\"""", ""\""Taraxerol acetate\"""", ""\""Catechin, Ent-catechin\"""", ""\""Methyl gallate\"""", ""\""Kaempferol-3-O-rutinoside\"""", ""\""8-methoxymellein\"""", ""\""Epi-guaiacin\"""", ""\""(R)-7-Hydroxymellein\"""", ""\""Methyl angolensate\"""", ""\""(+)-Erythravine\"""", ""\""Nilocetin\"""", ""\""Pentaol\"""", ""\""6-methoxyeugenin\""""]]","doi_name"
"[""10.1590/S0103-50532005000800018"", ""4-Nerolidilcatechol""]","[""10.1590/S0103-50532005000800018"", [""\""4-Nerolidilcatechol\"""", ""\""4,5-dihydropiperyline\"""", ""\""N-[7-(3',4'-methylenedioxyphenyl)-2(Z),4(Z)-heptadienoyl]pyrrolidine\"""", ""\""4-Methoxy-3-(3',7'-dimethylocta-2'-E-6'-dienyl)benzoic acid\"""", ""\""5-[8(Z),11(Z),14-pentadecatrienyl]resorcinol\"""", ""\""2-(3',4'-methylenedioxyphenylethyl)-Quinoline\"""", ""\""1-methyl-2-n-nonyl-4-quinolone\"""", ""\""5-[8(Z),11(Z)-pentadecadienyl]resorcinol\"""", ""\""penduletin 4-O-methyl ether\"""", ""\""19\u00b4-(3,4-Methylenedioxyphenyl)-nonadecanoic acid\"""", ""\""Stearic acid 4-pentoyloxyphenethyl ester\"""", ""\""3,4-dihydroxybenzoic acid geranyl ester\"""", ""\""2-phenyl-4H-chromen-4-one\"""", ""\""5-[8(Z)-pentadecenyl]resorcinol\"""", ""\""5-pentadecylresorcinol\"""", ""\""(4R)-4,8-dihydroxy-\u03b1-tetralone\"""", ""\""2-methyl-5-[8(Z),11(Z),14-pentadecatrienyl]resorcinol\"""", ""\""N-[10- (13,14-methylenedioxyphenyl)-7(E)-pentaenoyl]-pyrrolidine\"""", ""\""(3R,4R)-3,4-Dihydro-4,6-dihydroxy-3-methyl-1-oxo-1H-isochromene-5-carboxylic acid\"""", ""\""N-[3-(6'-methoxy-3',4'-methy-lenedioxyphenyl)-2(Z)-propenoyl]pyrrolidine\"""", ""\""N-[10-(13,14-methylenedioxyphenyl)-7(E),9(Z)-pentadienoyl]-pyrrolidine\"""", ""\""(3-(2-(4-hydroxyphenyl)-2-oxoethyl)-5,6-dihydropyridin- 2(1H)-one)\"""", ""\""3,4-dehydro-strictosidine\"""", ""\""ellagic acid 4-O-\u03b1-L-rhamnopyranoside; eschweilenol C\"""", ""\""(-) Cis-4-hydroxy-6-deoxyscytalone\"""", ""\""3,4,5-Triacetoxybenzoic acid\"""", ""\""2-n-nonyl-4-quinolone\"""", ""\""(3R,4R)-4,7-Dihydroxymellein\"""", ""\""3,4-dehydrostrictosidine acid\"""", ""\""2-Methyl-4-hydroxy-butyl caffeoate\"""", ""\""2-methyl-5-[8(Z),11(Z)-pentadecadienyl]resorcinol\"""", ""\""4-metoxi-6-[2-(metilamino)fenil]- 2H-piran-2-ona\"""", ""\""5-hydroxy-N-methylseverifoline\"""", ""\""6-[8(Z),11(Z),14-pentadecatrienyl]salicylic acid\"""", ""\""2-methyl-5-[8(Z)-pentadecenyl]resorcinol\"""", ""\""2-n-Pentylquinoline\"""", ""\""N-1,N-2,N-3-Triisopentenylguanidine\"""", ""\""3-(3',7 '-dimethyl-2',6 '-octadienyl)-4-methoxy-benzoic acid\"""", ""\""1,4-Dihydroxy-2-(3',7'-dimethyl-1'-oxo-2'-E-6'-octadienyl)benzene\"""", ""\""4-Hydroxy-3-(3',7'-dimethylocta-2'-E-6'-dienyl)benzoic acid\"""", ""\""Myrsinoic acid A, 3-Geranyl-4-hydroxy-5-(3'',3''-dimethylallyl)benzoic acid\"""", ""\""21\u00b4-(3,4-Methylenedioxyphenyl)-henicosanoic acid\"""", ""\""3-O-\u03b2-D-quinovopyranosyl cincholic acid\"""", ""\""3,4,5-Trimethoxydihydrocinnamic acid\"""", ""\""2-methyl-5-pentadecylresorcinol\"""", ""\""2\u03b2-Hydroxyzuelanin-6\u03b2-cinnamate\"""", ""\""N-acetylnonaine\"""", ""\""8,9-dihydropiplartine; N-(12,13,14-trimethoxydihydrocinnamoyl)-\u03943-pyridin-2-one\"""", ""\""(2S)-8-Isopentyl-2-methyl-2-(4'-methylpentyl)chroman-6-carboxylic acid\"""", ""\""17-(3,4-Methylenedioxyphenyl)-heptadecanoic acid\""""]]","doi_name"
"[""10.1590/S0103-50532005000800026"", ""cyclo (L)-Pro-Gly""]","[""10.1590/S0103-50532005000800026"", [""\""Cyclo-(L-Pro-L-Val)\"""", ""\""cyclo (L)-Pro-Gly\"""", ""\""N-[3-(6'-methoxy-3',4'-methy-lenedioxyphenyl)-2(Z)-propenoyl]pyrrolidine\"""", ""\""Methyl (3R,4R,5R)-3-{[(2Z)-3-(3,4-dihydroxyphenyl)-2-propenoyl]oxy}-1,4,5-trihydroxycyclohexanecarboxylate\"""", ""\""Methyl (3R,4R,5R)-3-{[(2E)-3-(3,4-dihydroxyphenyl)-2-propenoyl]oxy}-1,4,5-trihydroxycyclohexanecarboxylate\"""", ""\""Tetrahydropiperyline, N-[10-(13,14-methylenedioxyphenyl)-pentanoyl]-pyrrolidine\"""", ""\""N-[10- (13,14-methylenedioxyphenyl)-7(E)-pentaenoyl]-pyrrolidine\"""", ""\""N-[7-(3',4'-methylenedioxyphenyl)-2(Z),4(Z)-heptadienoyl]pyrrolidine\"""", ""\""N-[10-(13,14-methylenedioxyphenyl)-7(E),9(Z)-pentadienoyl]-pyrrolidine\"""", ""\""1-[3-(3,7-dimethylocta-2,6-dien-1-yl)-2,4,6- trihydroxyphenyl]-3-(4-hydroxyphenyl)propan-1-one\"""", ""\""1- (5,7-dihydroxy-2,2-dimethylchroman-6-yl)-3-(2,2-dimethylchroman- 6-yl)propan-1-one\"""", ""\""Luteolin; 2-(3,4-dihydroxyphenyl)-5,7-dihydroxy-4H-chromen-4-one\"""", ""\""Cusculine; 1,2,3,5,6-pentamethoxy-9-acridone\"""", ""\""\u03b1-L-xylopyranosyl-(4\""\u219220)-(3-O-\u03b2-D-glucopyranosyl)-1'-O-E-caffeoyl-\u03b2-D-glucopyranoside\"""", ""\""Methyl-2,2-dimethyl-8-(3'-methylbut-2'-enyl)chroman-6-carboxylate\"""", ""\""Piperyline, N-[10-(13,14-methylenedioxyphenyl)-7(E),9(E)-pentadienoyl]-pyrrolidine\"""", ""\""Leptomerine\"""", ""\""4,5-dihydropiperyline\"""", ""\""2-oxo-piperol B; (7S*, 8R*, 1R*, 3R*)-3,4,5-trimethoxy-3,7-cyclo-8,1-neolig-8-ene-2,4(3H)-dione\"""", ""\""1-(5,7-dihydroxy-2,2-dimethylchroman- 6-yl)-3-[4-hydroxy-3-(3-methylbut-2-en-1-yl)- phenyl]propan-1-one\"""", ""\""Methyl (E)-6,7,8-trimethoxycinnamate\"""", ""\""Leptophyllin A\"""", ""\""Pedalin, pedalitin 6-O-\u03b2 -glucopyranoside\"""", ""\""Methyl 2,2-dimethyl-1-oxo-2H-1-benzopyran-6-carboxylate\"""", ""\""Rel-(+)-(7S,9R,10S)-3,9,12-trihydroxycalamenene\"""", ""\""Methyl-2,2-dimethylchroman-6-carboxylate\"""", ""\""Myrsinoic acid A, 3-Geranyl-4-hydroxy-5-(3'',3''-dimethylallyl)benzoic acid\"""", ""\""Methyl 6,7,8-trimethoxydihydrocinnamate\"""", ""\""(3Z,5Z)-N-isobutyl-8-(30,40-methylenedioxy-phenyl)-heptadienamide\"""", ""\""17-(3,4-Methylenedioxyphenyl)-heptadecanoic acid\"""", ""\""11-O-trans-feruloylteucrein\"""", ""\""5-hydroxynoracronycine; Atalaphyllidine\"""", ""\""(3-(2-(4-hydroxyphenyl)-2-oxoethyl)-5,6-dihydropyridin- 2(1H)-one)\"""", ""\""Trans-3\u2019-methylsulphonylallyl trans-cinnamate\"""", ""\""bis-5-hydroxyacronycine\"""", ""\""(2S)-Methyl-2-methyl-8-(3\""-methylbut-2\""-enyl)-2-(4'-methylpent-3'-enyl)-2H-chromene-6-carboxylate\"""", ""\""(2'S)-2-(propan-2'-ol)-5-hydroxy-benzopyran-4-one\"""", ""\""Cuspanine; 1-hydroxy-2,3,5,6-tetramethoxy-9-acridone\"""", ""\""5,7-dimethoxy-2,2-dimethyl-2H-1-benzopyran-6-propanoic acid\"""", ""\""des-N-methylnoracronycine\"""", ""\""(-) Cis-4-hydroxy-6-deoxyscytalone\"""", ""\""Rel-(7R,8S,7'S,8'S)-4-hydroxy-4',5'-methylenedioxy-3,5,3'-trimethoxy-7,7'-epoxylignan\"""", ""\""5-[3''-(\u03b2-D-glucopyranosyloxy)propyl]-7-methoxy-2-(3',4'-dimethoxyphenyl)benzofuran\"""", ""\""2-(3',4'-methylenedioxyphenylethyl)-Quinoline\"""", ""\""5-(3'' -Hydroxypropyl)-7-methoxy-2-(3',4' -methyl-enedioxyphenyl)benzofuran\"""", ""\""5-[3''-(\u03b2-D-glucopyranosyloxy)propyl]-7-methoxy-2-(3',4'-methylenedioxyphenyl)benzofuran\"""", ""\""Mycoleptone A tetraacetate\"""", ""\""3-O-\u03b2-D-(6\u2019-methyl)-glucopyranosyl-28-O-\u03b2-D-glucopyranosyl-oleanate\"""", ""\""Rel-(7R,8S,7'S,8'S)-4,5,4',5'-dimethylenedioxy-3,3'-dimethoxy-7,7'-epoxylignan\"""", ""\""8,9-dihydropiplartine; N-(12,13,14-trimethoxydihydrocinnamoyl)-\u03943-pyridin-2-one\""""]]","doi_name"
"[""10.1590/S0103-50532009000100029"", ""3,4-dimethyl-2-(4'-hydroxy-3',5'-dimethoxyphenyl)-5-methoxy-tetrahydrofuran""]","[""10.1590/S0103-50532009000100029"", [""\""3,4-dimethyl-2-(4'-hydroxy-3',5'-dimethoxyphenyl)-5-methoxy-tetrahydrofuran\"""", ""\""1-[3-(3,7-dimethylocta-2,6-dien-1-yl)-2,4,6- trihydroxyphenyl]-3-(4-hydroxyphenyl)propan-1-one\"""", ""\""5-(3'' -Hydroxypropyl)-7-methoxy-2-(3',4' -methyl-enedioxyphenyl)benzofuran\"""", ""\""Methyl (3R,4R,5R)-3-{[(2Z)-3-(3,4-dihydroxyphenyl)-2-propenoyl]oxy}-1,4,5-trihydroxycyclohexanecarboxylate\"""", ""\""Methyl (3R,4R,5R)-3-{[(2E)-3-(3,4-dihydroxyphenyl)-2-propenoyl]oxy}-1,4,5-trihydroxycyclohexanecarboxylate\"""", ""\""3',4'-methylenedioxy-5,5',6,7-tetramethoxyflavone\"""", ""\""3,4-dihydro-3,5,8-trihydroxy-6-methoxy-2,2,7-trimethyl-2Hpyrano[ 2,3-a]acridin-12(7H)-one\"""", ""\""1,3,5-trihydroxy-4-methoxy-10-methyl- 2,8-bis(3-methylbut-2-enyl)acridin-9(10H)-one\"""", ""\""3',4'-methylenedioxy-5,6,7- trimethoxyflavone\"""", ""\""1,4-Dihydroxy-2-(3',7'-dimethyl-1'-oxo-2'-E-6'-octadienyl)benzene\"""", ""\""5-[3''-(\u03b2-D-glucopyranosyloxy)propyl]-7-methoxy-2-(3',4'-dimethoxyphenyl)benzofuran\"""", ""\""(3R,4R)-3,4-Dihydro-4,6-dihydroxy-3-methyl-1-oxo-1H-isochromene-5-carboxylic acid\"""", ""\""2,3-dihydro-4,9-dihydroxy-2-(2-hydroxy-propan-2-yl)- 11-methoxy-10-methylfuro[3,2-b]acridin-5(10H)-one\"""", ""\""1,3,5-trihydroxy- 2,8-bis(3-methylbut-2-enyl)-10-methyl-9-acridone\"""", ""\""5-[3''-(\u03b2-D-glucopyranosyloxy)propyl]-7-methoxy-2-(3',4'-methylenedioxyphenyl)benzofuran\"""", ""\""3',4'-methylenedioxy-5,7-dimethoxyflavone\"""", ""\""3-(3',7 '-dimethyl-2',6 '-octadienyl)-4-methoxy-benzoic acid\"""", ""\""5,7-dimethoxy-2,2-dimethyl-2H-1-benzopyran-6-propanoate\"""", ""\""5,7-dimethoxy-2,2-dimethyl-2H-1-benzopyran-6-propanoic acid\"""", ""\""(4R)-4,8-dihydroxy-\u03b1-tetralone\"""", ""\""1-(5,7-dihydroxy-2,2-dimethylchroman- 6-yl)-3-[4-hydroxy-3-(3-methylbut-2-en-1-yl)- phenyl]propan-1-one\"""", ""\""1-(5,7-dihydroxy-2,2-dimethylchroman-6-yl)-3-(1,1,4a-trimethyl-2,3,4,4a,9a-hexahydro-1H-xanthen-7-yl)propan-1-one\"""", ""\""4-Methoxy-3-(3',7'-dimethylocta-2'-E-6'-dienyl)benzoic acid\"""", ""\""Methyl 6,7,8-trimethoxydihydrocinnamate\"""", ""\""Methyl 4-hydroxy-3-(3'-methyl-2'-hydroxy-3'-butenyl)benzoate\"""", ""\""(3-(2-(4-hydroxyphenyl)-2-oxoethyl)-5,6-dihydropyridin- 2(1H)-one)\"""", ""\""(3R,4R)-4,7-Dihydroxymellein\"""", ""\""Methyl 4-hydroxy-3-(3'-methyl-2'-butenyl)benzoate\"""", ""\""3,4,5-Trimethoxydihydrocinnamic acid\"""", ""\""4-Hydroxy-3-(3',7'-dimethylocta-2'-E-6'-dienyl)benzoic acid\"""", ""\""3,4,5-Trimethoxyphenyl-1-O-\u03b2-D-(5-O-syringoyl)-apiofuranosyl-(1\u21926)-\u03b2-D-glucopyranoside\"""", ""\""2-Methyl-5-methoxy-benzopyran-4-one\"""", ""\""3,4,5-trimethoxyphenyl 1-O-\u03b2-D-apiofuranosyl-(1\u21926)-O-\u03b2-D-glucopyranoside\"""", ""\""4-Hydroxy-(3',7'-dimethyl-1'-oxo-octa-2'-Z-6'-dienyl)benzoic acid\"""", ""\""1- (5,7-dihydroxy-2,2-dimethylchroman-6-yl)-3-(2,2-dimethylchroman- 6-yl)propan-1-one\"""", ""\""2',5-dihydroxy-3-methoxy-8-dimethylallyl-6, 7-(2' ',2''-dimethylpyrano)-dihydroflavonol\"""", ""\""2-(3',4'-methylenedioxyphenylethyl)-Quinoline\"""", ""\""Methyl-8-(ethanoyloxy)-2,2-dimethyl-2H-chromene-6-carboxylate\"""", ""\""2'-hydroxy-3,4,4'-trimethoxy-5',6'-(2'',2''-dimethylpyrano)-chalcone\"""", ""\""Methyl 2,2-dimethyl-1-oxo-2H-1-benzopyran-6-carboxylate\"""", ""\""4-Hydroxy-(3',7'-dimethyl-1'-oxo-octa-2'-E-6'-dienyl)benzoic acid\"""", ""\""4-Hydroxy-3-(3',7'-dimethyl-3'-hydroxy-1'-oxo-6'-octenyl)benzoic acid\"""", ""\""Methyl-8-hydroxy-2,2-dimethyl-2H-chromene-6-carboxylate\"""", ""\""2',6'-Dihydroxy-4'-methoxydihydrochalcone\"""", ""\""2-(R)-Methyl-6-(S)-(tetradecyl-13'-one)-3(R)-O-tert-butyldimethylsilyl-piperidine\"""", ""\""21\u00b4-(3,4-Methylenedioxyphenyl)-henicosanoic acid\"""", ""\""2,4-Dihydroxy-6-[(1'E,3'E)-penta-1', 3'-dienyl]-benzaldehyde\"""", ""\""8-hydroxy-3,5,7,3',4',5'-hexamethoxyflavonol\"""", ""\""17-(3,4-Methylenedioxyphenyl)-heptadecanoic acid\"""", ""\""Methyl taboganate; Methyl 4-hydroxy-3-(3'-methyl-1'-oxo-2'-butenyl)benzoate\""""]]","doi_name"
"[""10.1590/S0103-50532009000400008"", ""2,3-dihydro-4,9-dihydroxy-2-(2-hydroxy-propan-2-yl)- 11-methoxy-10-methylfuro[3,2-b]acridin-5(10H)-one""]","[""10.1590/S0103-50532009000400008"", [""\""3,4-dihydro-3,5,8-trihydroxy-6-methoxy-2,2,7-trimethyl-2Hpyrano[ 2,3-a]acridin-12(7H)-one\"""", ""\""1,3,5-trihydroxy-4-methoxy-10-methyl- 2,8-bis(3-methylbut-2-enyl)acridin-9(10H)-one\"""", ""\""2,3-dihydro-4,9-dihydroxy-2-(2-hydroxy-propan-2-yl)- 11-methoxy-10-methylfuro[3,2-b]acridin-5(10H)-one\"""", ""\""2',5-dihydroxy-3-methoxy-8-dimethylallyl-6, 7-(2' ',2''-dimethylpyrano)-dihydroflavonol\"""", ""\""1,3,5-trihydroxy- 2,8-bis(3-methylbut-2-enyl)-10-methyl-9-acridone\"""", ""\""(3-(2-(4-hydroxyphenyl)-2-oxoethyl)-5,6-dihydropyridin- 2(1H)-one)\"""", ""\""1-[3-(3,7-dimethylocta-2,6-dien-1-yl)-2,4,6- trihydroxyphenyl]-3-(4-hydroxyphenyl)propan-1-one\"""", ""\""2'-hydroxy-3,4,4'-trimethoxy-5',6'-(2'',2''-dimethylpyrano)-chalcone\"""", ""\""8,9-dihydropiplartine; N-(12,13,14-trimethoxydihydrocinnamoyl)-\u03943-pyridin-2-one\"""", ""\""N-[7-(3',4'-methylenedioxyphenyl)-2(Z),4(Z)-heptadienoyl]pyrrolidine\"""", ""\""(3R,4R)-3,4-Dihydro-4,6-dihydroxy-3-methyl-1-oxo-1H-isochromene-5-carboxylic acid\"""", ""\""1-(5,7-dihydroxy-2,2-dimethylchroman-6-yl)-3-(1,1,4a-trimethyl-2,3,4,4a,9a-hexahydro-1H-xanthen-7-yl)propan-1-one\"""", ""\""1,2-dihydro- 3\u03b2-hydroxy-7-deacetoxy-7-oxogedunin\"""", ""\""3,4-dimethyl-2-(4'-hydroxy-3',5'-dimethoxyphenyl)-5-methoxy-tetrahydrofuran\"""", ""\""5,7-dimethoxy-2,2-dimethyl-2H-1-benzopyran-6-propanoic acid\"""", ""\""1-methoxy-3-hydroxy-3,10b-4,5a-diepoxy-8b-isobutyroyloxygermacr-11(13)-en-6a,12-olide\"""", ""\""N-[10-(13,14-methylenedioxyphenyl)-7(E),9(Z)-pentadienoyl]-pyrrolidine\"""", ""\""1- (5,7-dihydroxy-2,2-dimethylchroman-6-yl)-3-(2,2-dimethylchroman- 6-yl)propan-1-one\"""", ""\""5,7-dimethoxy-2,2-dimethyl-2H-1-benzopyran-6-propanoate\"""", ""\""4-Hydroxy-3-(3',7'-dimethylocta-2'-E-6'-dienyl)benzoic acid\"""", ""\""Cuspanine; 1-hydroxy-2,3,5,6-tetramethoxy-9-acridone\"""", ""\""4-Hydroxy-(3',7'-dimethyl-1'-oxo-octa-2'-Z-6'-dienyl)benzoic acid\"""", ""\""N-[10- (13,14-methylenedioxyphenyl)-7(E)-pentaenoyl]-pyrrolidine\"""", ""\""1-(5,7-dihydroxy-2,2-dimethylchroman- 6-yl)-3-[4-hydroxy-3-(3-methylbut-2-en-1-yl)- phenyl]propan-1-one\"""", ""\""8-hydroxy-3,5,7,3',4',5'-hexamethoxyflavonol\"""", ""\""2',6'-Dihydroxy-4'-methoxydihydrochalcone\"""", ""\""3',4'-methylenedioxy-5,5',6,7-tetramethoxyflavone\"""", ""\""7-hydroxy-3- (11-dimethylallyl)-8-methoxycoumarin\"""", ""\""4-Hydroxy-(3',7'-dimethyl-1'-oxo-octa-2'-E-6'-dienyl)benzoic acid\"""", ""\""8-hydroxy-6-methoxy-3-methylisocoumarin\"""", ""\""22-hydroxytirucalla-7,24-diene-2,3-dione\"""", ""\""Methyl 6,7,8-trimethoxydihydrocinnamate\"""", ""\""N-[3-(6'-methoxy-3',4'-methy-lenedioxyphenyl)-2(Z)-propenoyl]pyrrolidine\"""", ""\""2\u03b1,3\u03b1-Dihydroxy-urs-12-en-28-oic acid\"""", ""\""4-Hydroxy-3-(3',7'-dimethyl-3'-hydroxy-1'-oxo-6'-octenyl)benzoic acid\"""", ""\""3-(3',7 '-dimethyl-2',6 '-octadienyl)-4-methoxy-benzoic acid\"""", ""\""2-Methyl-5-methoxy-benzopyran-4-one\"""", ""\""3,4,5-trimethoxyphenyl 1-O-\u03b2-D-apiofuranosyl-(1\u21926)-O-\u03b2-D-glucopyranoside\"""", ""\""3,4,5-Trimethoxyphenyl-1-O-\u03b2-D-(5-O-syringoyl)-apiofuranosyl-(1\u21926)-\u03b2-D-glucopyranoside\"""", ""\""1,4-Dihydroxy-2-(3',7'-dimethyl-1'-oxo-2'-E-6'-octadienyl)benzene\"""", ""\""Tetrahydropiperyline, N-[10-(13,14-methylenedioxyphenyl)-pentanoyl]-pyrrolidine\"""", ""\""4-Methoxy-3-(3',7'-dimethylocta-2'-E-6'-dienyl)benzoic acid\"""", ""\""3',4'-methylenedioxy-5,6,7- trimethoxyflavone\"""", ""\""2\u03b1,3\u03b1,19\u03b1- trihydroxyurs-12-en-28-oic acid\"""", ""\""2-oxo-piperol B; (7S*, 8R*, 1R*, 3R*)-3,4,5-trimethoxy-3,7-cyclo-8,1-neolig-8-ene-2,4(3H)-dione\"""", ""\""3',4'-methylenedioxy-5,7-dimethoxyflavone\"""", ""\""2-(2'-O-benzoyl)-C-\u03b2-D-glucopyranosyl-1,3,6,7-tetrahydroxyxanthone\"""", ""\""5-(3'' -Hydroxypropyl)-7-methoxy-2-(3',4' -methyl-enedioxyphenyl)benzofuran\"""", ""\""2\u03b1,3\u03b1-dihydroxyolean-12- en-28-oic acid\"""", ""\""3,4,5-Trimethoxydihydrocinnamic acid\""""]]","doi_name"
"[""10.1590/S0103-50532009000400008"", ""bis-5-hydroxyacronycine""]","[""10.1590/S0103-50532009000400008"", [""\""3,4-dihydro-3,5,8-trihydroxy-6-methoxy-2,2,7-trimethyl-2Hpyrano[ 2,3-a]acridin-12(7H)-one\"""", ""\""1,3,5-trihydroxy-4-methoxy-10-methyl- 2,8-bis(3-methylbut-2-enyl)acridin-9(10H)-one\"""", ""\""2,3-dihydro-4,9-dihydroxy-2-(2-hydroxy-propan-2-yl)- 11-methoxy-10-methylfuro[3,2-b]acridin-5(10H)-one\"""", ""\""2',5-dihydroxy-3-methoxy-8-dimethylallyl-6, 7-(2' ',2''-dimethylpyrano)-dihydroflavonol\"""", ""\""1,3,5-trihydroxy- 2,8-bis(3-methylbut-2-enyl)-10-methyl-9-acridone\"""", ""\""(3-(2-(4-hydroxyphenyl)-2-oxoethyl)-5,6-dihydropyridin- 2(1H)-one)\"""", ""\""1-[3-(3,7-dimethylocta-2,6-dien-1-yl)-2,4,6- trihydroxyphenyl]-3-(4-hydroxyphenyl)propan-1-one\"""", ""\""2'-hydroxy-3,4,4'-trimethoxy-5',6'-(2'',2''-dimethylpyrano)-chalcone\"""", ""\""8,9-dihydropiplartine; N-(12,13,14-trimethoxydihydrocinnamoyl)-\u03943-pyridin-2-one\"""", ""\""N-[7-(3',4'-methylenedioxyphenyl)-2(Z),4(Z)-heptadienoyl]pyrrolidine\"""", ""\""(3R,4R)-3,4-Dihydro-4,6-dihydroxy-3-methyl-1-oxo-1H-isochromene-5-carboxylic acid\"""", ""\""1-(5,7-dihydroxy-2,2-dimethylchroman-6-yl)-3-(1,1,4a-trimethyl-2,3,4,4a,9a-hexahydro-1H-xanthen-7-yl)propan-1-one\"""", ""\""1,2-dihydro- 3\u03b2-hydroxy-7-deacetoxy-7-oxogedunin\"""", ""\""3,4-dimethyl-2-(4'-hydroxy-3',5'-dimethoxyphenyl)-5-methoxy-tetrahydrofuran\"""", ""\""5,7-dimethoxy-2,2-dimethyl-2H-1-benzopyran-6-propanoic acid\"""", ""\""1-methoxy-3-hydroxy-3,10b-4,5a-diepoxy-8b-isobutyroyloxygermacr-11(13)-en-6a,12-olide\"""", ""\""N-[10-(13,14-methylenedioxyphenyl)-7(E),9(Z)-pentadienoyl]-pyrrolidine\"""", ""\""1- (5,7-dihydroxy-2,2-dimethylchroman-6-yl)-3-(2,2-dimethylchroman- 6-yl)propan-1-one\"""", ""\""5,7-dimethoxy-2,2-dimethyl-2H-1-benzopyran-6-propanoate\"""", ""\""4-Hydroxy-3-(3',7'-dimethylocta-2'-E-6'-dienyl)benzoic acid\"""", ""\""Cuspanine; 1-hydroxy-2,3,5,6-tetramethoxy-9-acridone\"""", ""\""4-Hydroxy-(3',7'-dimethyl-1'-oxo-octa-2'-Z-6'-dienyl)benzoic acid\"""", ""\""N-[10- (13,14-methylenedioxyphenyl)-7(E)-pentaenoyl]-pyrrolidine\"""", ""\""1-(5,7-dihydroxy-2,2-dimethylchroman- 6-yl)-3-[4-hydroxy-3-(3-methylbut-2-en-1-yl)- phenyl]propan-1-one\"""", ""\""8-hydroxy-3,5,7,3',4',5'-hexamethoxyflavonol\"""", ""\""2',6'-Dihydroxy-4'-methoxydihydrochalcone\"""", ""\""3',4'-methylenedioxy-5,5',6,7-tetramethoxyflavone\"""", ""\""7-hydroxy-3- (11-dimethylallyl)-8-methoxycoumarin\"""", ""\""4-Hydroxy-(3',7'-dimethyl-1'-oxo-octa-2'-E-6'-dienyl)benzoic acid\"""", ""\""8-hydroxy-6-methoxy-3-methylisocoumarin\"""", ""\""22-hydroxytirucalla-7,24-diene-2,3-dione\"""", ""\""Methyl 6,7,8-trimethoxydihydrocinnamate\"""", ""\""N-[3-(6'-methoxy-3',4'-methy-lenedioxyphenyl)-2(Z)-propenoyl]pyrrolidine\"""", ""\""2\u03b1,3\u03b1-Dihydroxy-urs-12-en-28-oic acid\"""", ""\""4-Hydroxy-3-(3',7'-dimethyl-3'-hydroxy-1'-oxo-6'-octenyl)benzoic acid\"""", ""\""3-(3',7 '-dimethyl-2',6 '-octadienyl)-4-methoxy-benzoic acid\"""", ""\""2-Methyl-5-methoxy-benzopyran-4-one\"""", ""\""3,4,5-trimethoxyphenyl 1-O-\u03b2-D-apiofuranosyl-(1\u21926)-O-\u03b2-D-glucopyranoside\"""", ""\""3,4,5-Trimethoxyphenyl-1-O-\u03b2-D-(5-O-syringoyl)-apiofuranosyl-(1\u21926)-\u03b2-D-glucopyranoside\"""", ""\""1,4-Dihydroxy-2-(3',7'-dimethyl-1'-oxo-2'-E-6'-octadienyl)benzene\"""", ""\""Tetrahydropiperyline, N-[10-(13,14-methylenedioxyphenyl)-pentanoyl]-pyrrolidine\"""", ""\""4-Methoxy-3-(3',7'-dimethylocta-2'-E-6'-dienyl)benzoic acid\"""", ""\""3',4'-methylenedioxy-5,6,7- trimethoxyflavone\"""", ""\""2\u03b1,3\u03b1,19\u03b1- trihydroxyurs-12-en-28-oic acid\"""", ""\""2-oxo-piperol B; (7S*, 8R*, 1R*, 3R*)-3,4,5-trimethoxy-3,7-cyclo-8,1-neolig-8-ene-2,4(3H)-dione\"""", ""\""3',4'-methylenedioxy-5,7-dimethoxyflavone\"""", ""\""2-(2'-O-benzoyl)-C-\u03b2-D-glucopyranosyl-1,3,6,7-tetrahydroxyxanthone\"""", ""\""5-(3'' -Hydroxypropyl)-7-methoxy-2-(3',4' -methyl-enedioxyphenyl)benzofuran\"""", ""\""2\u03b1,3\u03b1-dihydroxyolean-12- en-28-oic acid\"""", ""\""3,4,5-Trimethoxydihydrocinnamic acid\""""]]","doi_name"
"[""10.1590/S0103-50532009000400008"", ""Citibrasine""]","[""10.1590/S0103-50532009000400008"", [""\""3,4-dihydro-3,5,8-trihydroxy-6-methoxy-2,2,7-trimethyl-2Hpyrano[ 2,3-a]acridin-12(7H)-one\"""", ""\""1,3,5-trihydroxy-4-methoxy-10-methyl- 2,8-bis(3-methylbut-2-enyl)acridin-9(10H)-one\"""", ""\""2,3-dihydro-4,9-dihydroxy-2-(2-hydroxy-propan-2-yl)- 11-methoxy-10-methylfuro[3,2-b]acridin-5(10H)-one\"""", ""\""2',5-dihydroxy-3-methoxy-8-dimethylallyl-6, 7-(2' ',2''-dimethylpyrano)-dihydroflavonol\"""", ""\""1,3,5-trihydroxy- 2,8-bis(3-methylbut-2-enyl)-10-methyl-9-acridone\"""", ""\""(3-(2-(4-hydroxyphenyl)-2-oxoethyl)-5,6-dihydropyridin- 2(1H)-one)\"""", ""\""1-[3-(3,7-dimethylocta-2,6-dien-1-yl)-2,4,6- trihydroxyphenyl]-3-(4-hydroxyphenyl)propan-1-one\"""", ""\""2'-hydroxy-3,4,4'-trimethoxy-5',6'-(2'',2''-dimethylpyrano)-chalcone\"""", ""\""8,9-dihydropiplartine; N-(12,13,14-trimethoxydihydrocinnamoyl)-\u03943-pyridin-2-one\"""", ""\""N-[7-(3',4'-methylenedioxyphenyl)-2(Z),4(Z)-heptadienoyl]pyrrolidine\"""", ""\""(3R,4R)-3,4-Dihydro-4,6-dihydroxy-3-methyl-1-oxo-1H-isochromene-5-carboxylic acid\"""", ""\""1-(5,7-dihydroxy-2,2-dimethylchroman-6-yl)-3-(1,1,4a-trimethyl-2,3,4,4a,9a-hexahydro-1H-xanthen-7-yl)propan-1-one\"""", ""\""1,2-dihydro- 3\u03b2-hydroxy-7-deacetoxy-7-oxogedunin\"""", ""\""3,4-dimethyl-2-(4'-hydroxy-3',5'-dimethoxyphenyl)-5-methoxy-tetrahydrofuran\"""", ""\""5,7-dimethoxy-2,2-dimethyl-2H-1-benzopyran-6-propanoic acid\"""", ""\""1-methoxy-3-hydroxy-3,10b-4,5a-diepoxy-8b-isobutyroyloxygermacr-11(13)-en-6a,12-olide\"""", ""\""N-[10-(13,14-methylenedioxyphenyl)-7(E),9(Z)-pentadienoyl]-pyrrolidine\"""", ""\""1- (5,7-dihydroxy-2,2-dimethylchroman-6-yl)-3-(2,2-dimethylchroman- 6-yl)propan-1-one\"""", ""\""5,7-dimethoxy-2,2-dimethyl-2H-1-benzopyran-6-propanoate\"""", ""\""4-Hydroxy-3-(3',7'-dimethylocta-2'-E-6'-dienyl)benzoic acid\"""", ""\""Cuspanine; 1-hydroxy-2,3,5,6-tetramethoxy-9-acridone\"""", ""\""4-Hydroxy-(3',7'-dimethyl-1'-oxo-octa-2'-Z-6'-dienyl)benzoic acid\"""", ""\""N-[10- (13,14-methylenedioxyphenyl)-7(E)-pentaenoyl]-pyrrolidine\"""", ""\""1-(5,7-dihydroxy-2,2-dimethylchroman- 6-yl)-3-[4-hydroxy-3-(3-methylbut-2-en-1-yl)- phenyl]propan-1-one\"""", ""\""8-hydroxy-3,5,7,3',4',5'-hexamethoxyflavonol\"""", ""\""2',6'-Dihydroxy-4'-methoxydihydrochalcone\"""", ""\""3',4'-methylenedioxy-5,5',6,7-tetramethoxyflavone\"""", ""\""7-hydroxy-3- (11-dimethylallyl)-8-methoxycoumarin\"""", ""\""4-Hydroxy-(3',7'-dimethyl-1'-oxo-octa-2'-E-6'-dienyl)benzoic acid\"""", ""\""8-hydroxy-6-methoxy-3-methylisocoumarin\"""", ""\""22-hydroxytirucalla-7,24-diene-2,3-dione\"""", ""\""Methyl 6,7,8-trimethoxydihydrocinnamate\"""", ""\""N-[3-(6'-methoxy-3',4'-methy-lenedioxyphenyl)-2(Z)-propenoyl]pyrrolidine\"""", ""\""2\u03b1,3\u03b1-Dihydroxy-urs-12-en-28-oic acid\"""", ""\""4-Hydroxy-3-(3',7'-dimethyl-3'-hydroxy-1'-oxo-6'-octenyl)benzoic acid\"""", ""\""3-(3',7 '-dimethyl-2',6 '-octadienyl)-4-methoxy-benzoic acid\"""", ""\""2-Methyl-5-methoxy-benzopyran-4-one\"""", ""\""3,4,5-trimethoxyphenyl 1-O-\u03b2-D-apiofuranosyl-(1\u21926)-O-\u03b2-D-glucopyranoside\"""", ""\""3,4,5-Trimethoxyphenyl-1-O-\u03b2-D-(5-O-syringoyl)-apiofuranosyl-(1\u21926)-\u03b2-D-glucopyranoside\"""", ""\""1,4-Dihydroxy-2-(3',7'-dimethyl-1'-oxo-2'-E-6'-octadienyl)benzene\"""", ""\""Tetrahydropiperyline, N-[10-(13,14-methylenedioxyphenyl)-pentanoyl]-pyrrolidine\"""", ""\""4-Methoxy-3-(3',7'-dimethylocta-2'-E-6'-dienyl)benzoic acid\"""", ""\""3',4'-methylenedioxy-5,6,7- trimethoxyflavone\"""", ""\""2\u03b1,3\u03b1,19\u03b1- trihydroxyurs-12-en-28-oic acid\"""", ""\""2-oxo-piperol B; (7S*, 8R*, 1R*, 3R*)-3,4,5-trimethoxy-3,7-cyclo-8,1-neolig-8-ene-2,4(3H)-dione\"""", ""\""3',4'-methylenedioxy-5,7-dimethoxyflavone\"""", ""\""2-(2'-O-benzoyl)-C-\u03b2-D-glucopyranosyl-1,3,6,7-tetrahydroxyxanthone\"""", ""\""5-(3'' -Hydroxypropyl)-7-methoxy-2-(3',4' -methyl-enedioxyphenyl)benzofuran\"""", ""\""2\u03b1,3\u03b1-dihydroxyolean-12- en-28-oic acid\"""", ""\""3,4,5-Trimethoxydihydrocinnamic acid\""""]]","doi_name"
"[""10.1590/S0103-50532010000500016"", ""limonexic acid""]","[""10.1590/S0103-50532010000500016"", [""\""limonexic acid\"""", ""\""Liriodenine\"""", ""\""Sinapic acid\"""", ""\""Leptomerine\"""", ""\""Cuspanine; 1-hydroxy-2,3,5,6-tetramethoxy-9-acridone\"""", ""\""Citrusinine-II\"""", ""\""2,4,6-trimethoxybenzoic acid\"""", ""\""Methacrylic acid\"""", ""\""2-Hexyl-3-methyl-butanodioic acid\"""", ""\""Alkenoic acid\"""", ""\""acacetin\"""", ""\""4-metoxi-6-[2-(metilamino)fenil]- 2H-piran-2-ona\"""", ""\""Oleanonic acid\"""", ""\""3,11-dioxoolean-12-en-28- onic acid\"""", ""\""citrusinine-I\"""", ""\""Strictosidine acid\"""", ""\""3-Oxoursolic acid\"""", ""\""3,4,5-Triacetoxybenzoic acid\"""", ""\""4-Hydroxy-3-(3',7'-dimethylocta-2'-E-6'-dienyl)benzoic acid\"""", ""\""Citrusinine-I\"""", ""\""Ferulic acid\"""", ""\""4-Methoxy-3-(3',7'-dimethylocta-2'-E-6'-dienyl)benzoic acid\"""", ""\""21\u00b4-(3,4-Methylenedioxyphenyl)-henicosanoic acid\"""", ""\""21\u03b1,25-dimethylmelianodiol\"""", ""\""2\u03b2-Hydroxyzuelanin-6\u03b2-cinnamate\"""", ""\""Sargaquinoic acid\"""", ""\""Muraxanthone\"""", ""\""5,7-dimethoxy-2,2-dimethyl-2H-1-benzopyran-6-propanoic acid\"""", ""\""Juruenolic acid; 2-(4'-Methylpentenyl-3)-10-oxoundecan-2,6-dienoic acid\"""", ""\""4-Hydroxy-(3',7'-dimethyl-1'-oxo-octa-2'-Z-6'-dienyl)benzoic acid\"""", ""\""1,3,5-trihydroxy- 2,8-bis(3-methylbut-2-enyl)-10-methyl-9-acridone\"""", ""\""ellagic acid 4-O-\u03b1-L-rhamnopyranoside; eschweilenol C\"""", ""\""21\u03b2,25-dimethylmelianodiol\"""", ""\""Aphidicolin\"""", ""\""4-Hydroxy-(3',7'-dimethyl-1'-oxo-octa-2'-E-6'-dienyl)benzoic acid\"""", ""\""Syringic acid\"""", ""\""Ixoside\"""", ""\""Citibrasine\"""", ""\""(-)-Hardwickiic acid\"""", ""\""Cusculine; 1,2,3,5,6-pentamethoxy-9-acridone\"""", ""\""Anhydrofusarubin\"""", ""\""Methyl (E)-6,7,8-trimethoxycinnamate\"""", ""\""2-hydroxyphenylacetic acid\"""", ""\""p-Coumaric acid\"""", ""\""cryptomeridiol\"""", ""\""Rel-6\u03b2-hydroxyzuelanin-2\u03b2-benzoate\"""", ""\""Rel-2\u03b1-hydroxyzuelanin-6\u03b2-benzoate\"""", ""\""Mycoleptone A tetraacetate\"""", ""\""Myrsinoic acid A, 3-Geranyl-4-hydroxy-5-(3'',3''-dimethylallyl)benzoic acid\"""", ""\""Methyl 6,7,8-trimethoxydihydrocinnamate\""""]]","doi_name"
"[""10.3390/molecules15129205"", ""Leiokinine A""]","[""10.3390/molecules15129205"", [""\""Leptomerine\"""", ""\""Leptophyllin A\"""", ""\""Pellitorine\"""", ""\""Mycoleptone A tetraacetate\"""", ""\""Arboreumine\"""", ""\""Mycoleptone A\"""", ""\""4-Hydroxymellein\"""", ""\""Haplotusine\"""", ""\""Mycoleptone B\"""", ""\""Aphidicolin\"""", ""\""8-methoxymellein\"""", ""\""Leiokinine A\"""", ""\""Chrysoeriol\"""", ""\""cryptomeridiol\"""", ""\""limonexic acid\"""", ""\""Liriodenine\"""", ""\""Skimmianine\"""", ""\""Teucrein\"""", ""\""Platydesmine\"""", ""\""(R)-7-Hydroxymellein\"""", ""\""amorphispironone\"""", ""\""atalaphyllinine\"""", ""\""Xanthyletin\"""", ""\""Isoplumericin\"""", ""\""Phomopsilactone\"""", ""\""citrusinine-I\"""", ""\""5-hydroxymellein\"""", ""\""Plumericin\"""", ""\""Muraxanthone\"""", ""\""Tetrahydropiperyline, N-[10-(13,14-methylenedioxyphenyl)-pentanoyl]-pyrrolidine\"""", ""\""Tithonine\"""", ""\""Pyranofoline\"""", ""\""Isopimpinellin\"""", ""\""Citrusinine-II\"""", ""\""21\u03b1,25-dimethylmelianodiol\"""", ""\""21\u03b2,25-dimethylmelianodiol\"""", ""\""Ourateacatechin\"""", ""\""Mangiferin\"""", ""\""(3R,4R)-4,7-Dihydroxymellein\"""", ""\""Fasciculiferin\"""", ""\""Odoratol\"""", ""\""penduletin 4-O-methyl ether\"""", ""\""Piperyline, N-[10-(13,14-methylenedioxyphenyl)-7(E),9(E)-pentadienoyl]-pyrrolidine\"""", ""\""Di(benzyltrithio) methane\"""", ""\""(-)-Spectalinine\"""", ""\""Methyl angolensate\"""", ""\""Methyl gallate\"""", ""\""Piperine\"""", ""\""Citrusinine-I\"""", ""\""Cordifoline\""""]]","doi_name"
"[""10.4067/S0717-97072009000300004"", ""Taraxerol acetate""]","[""10.4067/S0717-97072009000300004"", [""\""bis-5-hydroxyacronycine\"""", ""\""(+)-\u03b1-Hydroxyerysotrine\"""", ""\""\u03b2-Gardiol\"""", ""\""\u03b2-photogedunin\"""", ""\""amorphispironone\"""", ""\""22\u03b2-hydroxypristimerin\"""", ""\""\u03b2-Sitosterol benzoate\"""", ""\""(+)-11\u03b1-Hydroxyerythravine\"""", ""\""21\u03b2,25-dimethylmelianodiol\"""", ""\""(R)-7-Hydroxymellein\"""", ""\""4-Hydroxymellein\"""", ""\""4-Hydroxy-3-(3',7'-dimethylocta-2'-E-6'-dienyl)benzoic acid\"""", ""\""Myrsinoic acid A, 3-Geranyl-4-hydroxy-5-(3'',3''-dimethylallyl)benzoic acid\"""", ""\""6'-Acetyl-\u03b2-D-glucopyranosyldiderroside\"""", ""\""1,3,5-trihydroxy- 2,8-bis(3-methylbut-2-enyl)-10-methyl-9-acridone\"""", ""\""5-hydroxymellein\"""", ""\""2-Methyl-5-methoxy-benzopyran-4-one\"""", ""\""3,4-dihydroxybenzoic acid geranyl ester\"""", ""\""4-Hydroxy-(3',7'-dimethyl-1'-oxo-octa-2'-E-6'-dienyl)benzoic acid\"""", ""\""p-hydroxybenzoic acid-geranyl ester\"""", ""\""6\u03b1-acetoxy-14\u03b2,15\u03b2-epoxyazadirone\"""", ""\""5-[3''-(\u03b2-D-glucopyranosyloxy)propyl]-7-methoxy-2-(3',4'-methylenedioxyphenyl)benzofuran\"""", ""\""21\u03b1,25-dimethylmelianodiol\"""", ""\""5,7-dimethoxy-2,2-dimethyl-2H-1-benzopyran-6-propanoic acid\"""", ""\""3-(3',7 '-dimethyl-2',6 '-octadienyl)-4-methoxy-benzoic acid\"""", ""\""Rel-6\u03b2-hydroxyzuelanin-2\u03b2-benzoate\"""", ""\""des-N-methylnoracronycine\"""", ""\""4-Hydroxy-(3',7'-dimethyl-1'-oxo-octa-2'-Z-6'-dienyl)benzoic acid\"""", ""\""Pimara-7,15-dien-3\u03b2-ol\"""", ""\""5-[3''-(\u03b2-D-glucopyranosyloxy)propyl]-7-methoxy-2-(3',4'-dimethoxyphenyl)benzofuran\"""", ""\""(3Z,5Z)-N-isobutyl-8-(30,40-methylenedioxy-phenyl)-heptadienamide\"""", ""\""5,7-dimethoxy-2,2-dimethyl-2H-1-benzopyran-6-propanoate\"""", ""\""2,7-Di-O-acetylcasearupestrin A\"""", ""\""4-Hydroxy-3-(3',7'-dimethyl-3'-hydroxy-1'-oxo-6'-octenyl)benzoic acid\"""", ""\""(2'S)-2-(propan-2'-ol)-5-hydroxy-benzopyran-4-one\"""", ""\""N-acetylnonaine\"""", ""\""8-methoxymellein\"""", ""\""5-(3'' -Hydroxypropyl)-7-methoxy-2-(3',4' -methyl-enedioxyphenyl)benzofuran\"""", ""\""5\u03b1-carboxystrictosidine\"""", ""\""9-hydroxyeugenin\"""", ""\""2-(2'-O-benzoyl)-C-\u03b2-D-glucopyranosyl-1,3,6,7-tetrahydroxyxanthone\"""", ""\""2\u03b2-Hydroxyzuelanin-6\u03b2-cinnamate\"""", ""\""4-Methoxy-3-(3',7'-dimethylocta-2'-E-6'-dienyl)benzoic acid\"""", ""\""3\u03b2-hydroxy-stigmast-5-en-7-one; 24-\u03b2-7-oxositosterol\"""", ""\""2-Hexyl-3-methyl-butanodioic acid\"""", ""\""11\u03b2-acetoxyobacunone\"""", ""\""Rel-2\u03b1-hydroxyzuelanin-6\u03b2-benzoate\"""", ""\""Pristimerin; 20\u03b1-3-hydroxy-2-oxo-24-nor-friedela-1-10,3,5,7-tetraen-carboxylic acid-29-methylester\"""", ""\""5-hydroxynoracronycine; Atalaphyllidine\"""", ""\""Casearupestrin B\""""]]","doi_name"
"[""10.5935/0100-4042.20140049"", ""2-butyl-D-fructofuranoside""]","[""10.5935/0100-4042.20140049"", [""\""2-butyl-D-fructofuranoside\"""", ""\""1-O-(E)-feruloyl-\u03b2-D-glucopyranoside\"""", ""\""2-(2'-O-trans-cinnamoyl)-C-\u03b2-D-glucopyranosyl-1,3,6,7-tetrahydroxyxanthone\"""", ""\""1-O-(E)-caffeoyl-\u03b2-D-glucopyranoside\"""", ""\""2-(2'-O-transcoumaroyl)-C-\u03b2-D-glucopyranosyl-1,3,6,7-tetrahydroxyxanthone\"""", ""\""2-Hexyl-3-methyl-butanodioic acid\"""", ""\""6'-Acetyl-\u03b2-D-glucopyranosyldiderroside\"""", ""\""2-(2'-O-benzoyl)-C-\u03b2-D-glucopyranosyl-1,3,6,7-tetrahydroxyxanthone\"""", ""\""2-(2'-O-trans-caffeoyl)-C-\u03b2-D-glucopyranosyl-1,3,6,7-tetrahydroxyxanthone\"""", ""\""3,4,5-Trimethoxyphenyl-1-O-\u03b2-D-(5-O-syringoyl)-apiofuranosyl-(1\u21926)-\u03b2-D-glucopyranoside\"""", ""\""2-Methyl-4-hydroxy-butyl caffeoate\"""", ""\""2\u03b2-Hydroxyzuelanin-6\u03b2-cinnamate\"""", ""\""5-[3''-(\u03b2-D-glucopyranosyloxy)propyl]-7-methoxy-2-(3',4'-dimethoxyphenyl)benzofuran\"""", ""\""3,4,5-trimethoxyphenyl 1-O-\u03b2-D-apiofuranosyl-(1\u21926)-O-\u03b2-D-glucopyranoside\"""", ""\""2\u03b1,3\u03b1-Dihydroxy-urs-12-en-28-oic acid\"""", ""\""5-[3''-(\u03b2-D-glucopyranosyloxy)propyl]-7-methoxy-2-(3',4'-methylenedioxyphenyl)benzofuran\"""", ""\""3\u03b2-O-[\u03b1-L-rhamnopyranosyl-(1\u21922)-O-\u03b2-D-glucopyranosyl-(1\u21922)-O-\u03b2-D-glucopyranosyl]-28-O-\u03b2-D-glucopyranoside pomolate\"""", ""\""2,3-dihydro-4,9-dihydroxy-2-(2-hydroxy-propan-2-yl)- 11-methoxy-10-methylfuro[3,2-b]acridin-5(10H)-one\"""", ""\""(2'S)-2-(propan-2'-ol)-5-hydroxy-benzopyran-4-one\"""", ""\""28-O-\u03b2-D-glucopyranosyl quinovic acid\"""", ""\""7,4'-Dihydroxyflavone\"""", ""\""1,6-di-O-caffeoyl-\u03b2-D-glucopyranoside\"""", ""\""(2S)-2-methyl-8-(3\""-methylbut-2\""-enyl)-2-(4'-methylpent-3'-enyl)-2H-chromene-6-carboxylic acid\"""", ""\""Methyl-2,2-dimethyl-8-(3'-methylbut-2'-enyl)chroman-6-carboxylate\"""", ""\""2-Methyl-5-methoxy-benzopyran-4-one\"""", ""\""2-(R)-Methyl-6-(S)-(tetradecyl-13'-one)-3(R)-O-tert-butyldimethylsilyl-piperidine\"""", ""\""2',5-dihydroxy-3-methoxy-8-dimethylallyl-6, 7-(2' ',2''-dimethylpyrano)-dihydroflavonol\"""", ""\""3,4-dimethyl-2-(4'-hydroxy-3',5'-dimethoxyphenyl)-5-methoxy-tetrahydrofuran\"""", ""\""(2S)-Methyl-2-methyl-8-(3\""-methylbut-2\""-enyl)-2-(4'-methylpent-3'-enyl)-2H-chromene-6-carboxylate\"""", ""\""5,7-dimethoxy-2,2-dimethyl-2H-1-benzopyran-6-propanoic acid\"""", ""\""\u03b1-L-xylopyranosyl-(4\""\u219220)-(3-O-\u03b2-D-glucopyranosyl)-1'-O-E-caffeoyl-\u03b2-D-glucopyranoside\"""", ""\""1-(5,7-dihydroxy-2,2-dimethylchroman- 6-yl)-3-[4-hydroxy-3-(3-methylbut-2-en-1-yl)- phenyl]propan-1-one\"""", ""\""2\u03b1,3\u03b1,19\u03b1- trihydroxyurs-12-en-28-oic acid\"""", ""\""3-O-\u03b2-D-(6\u2019-methyl)-glucopyranosyl-28-O-\u03b2-D-glucopyranosyl-oleanate\"""", ""\""2,2-dimethyl-2H-chromene-6-carboxylic acid\"""", ""\""Kaempferol-3-O-D-glucopyranoside\"""", ""\""Sorbifolin 6-O-\u03b2-glucopyranoside\"""", ""\""2',6'-Dihydroxy-4'-methoxydihydrochalcone\"""", ""\""5,7-dimethoxy-2,2-dimethyl-2H-1-benzopyran-6-propanoate\"""", ""\""5-hydroxymethyl- 2-furancarboxaldehyde; 5-hydroxymethyl-2-furfuraldehyde\"""", ""\""Kaempferol-3-O-D-galactopyranoside\"""", ""\""Kaempferol-3-O-\u03b1-L-rhamnopyranosyl-(1-6)-\u03b1-L-rhamnopyranosyl-(1-4)-\u03b2-D-glucopyranoside\"""", ""\""7,4'-Dimethoxyflavone\"""", ""\""Kaempferol-3-O-\u03b1-L-rhamnopyranosyl-(1\u21926)-\u03b2-D-galactopyranoside\"""", ""\""2,6-di-O-acetylcasearupestrin D\"""", ""\""2,7-Di-O-acetylcasearupestrin A\"""", ""\""2\u03b1,3\u03b1-dihydroxyolean-12- en-28-oic acid\"""", ""\""Sinapyl 4-O-\u03b2-D-glucopyranoside aldehyde\"""", ""\""1,3,5-trihydroxy- 2,8-bis(3-methylbut-2-enyl)-10-methyl-9-acridone\"""", ""\""1- (5,7-dihydroxy-2,2-dimethylchroman-6-yl)-3-(2,2-dimethylchroman- 6-yl)propan-1-one\""""]]","doi_name"
